filename	label	AD	DBD	part_of
Janelia-1814592531820707938-Brain-20x_nrs_jacs_jacsData_filestore_asoy_Alignment_886_882_2624158986663886882_align_REG_JRC2018_FEMALE_40x_8bitc_J18U_SG	JRC_MB042B_Brain_2020__1	P{R58E02-p65.AD}	P{R22E04-GAL4.DBD}	female organism|adult brain
Janelia-1841433275831156834-Brain-20x_nrs_jacs_jacsData_filestore_asoy_Alignment_789_608_2625324102679789608_align_REG_JRC2018_FEMALE_40x_8bitc_J18U_SG	JRC_MB310C_Brain_2020__1	PBac{R52G04-p65.AD}	P{R17C11-GAL4.DBD}	female organism|adult brain
Janelia-1841433275831156834-Brain-63x_nrs_jacs_jacsData_filestore_asoy_Alignment_861_860_2624207253430861860_align_REG_JRC2018_FEMALE_63x_DS_8bitc_J18U_SG	JRC_MB310C_Brain_2020__2	PBac{R52G04-p65.AD}	P{R17C11-GAL4.DBD}	female organism|adult brain
Janelia-1841433281300529250-Brain-20x_nrs_jacs_jacsData_filestore_asoy_Alignment_106_918_2624892093994106918_align_REG_JRC2018_FEMALE_20x_HR_8bitc_J18U_SG	JRC_MB296B_Brain_2020__1	P{R15B01-p65.AD}	P{R26F01-GAL4.DBD}	female organism|adult brain
Janelia-1841433281300529250-Brain-63x_nrs_jacs_jacsData_filestore_asoy_Alignment_490_470_2624944195273490470_align_REG_JRC2018_FEMALE_63x_DS_8bitc_J18U_SG	JRC_MB296B_Brain_2020__2	P{R15B01-p65.AD}	P{R26F01-GAL4.DBD}	female organism|adult brain
Janelia-1841433281535410274-Brain-20x_nrs_jacs_jacsData_filestore_asoy_Alignment_981_986_1898149870082981986_align_AlignedFlyBrain_8bitc_J18U_SG	JRC_MB296B_Brain_2020__3	P{R15B01-p65.AD}	P{R26F01-GAL4.DBD}	female organism|adult brain
Janelia-1841433281535410274-Brain-63x_nrs_jacs_jacsData_filestore_asoy_Alignment_446_498_2624118566592446498_align_REG_JRC2018_FEMALE_63x_DS_8bitc_J18U_SG	JRC_MB296B_Brain_2020__4	P{R15B01-p65.AD}	P{R26F01-GAL4.DBD}	female organism|adult brain
Janelia-1841433281900314722-Brain-20x_nrs_jacs_jacsData_filestore_asoy_Alignment_378_854_2624890805017378854_align_REG_JRC2018_FEMALE_20x_HR_8bitc_J18U_SG	JRC_MB296B_Brain_2020__5	P{R15B01-p65.AD}	P{R26F01-GAL4.DBD}	female organism|adult brain
Janelia-1841433281900314722-Brain-63x_nrs_jacs_jacsData_filestore_asoy_Alignment_387_750_2624942395686387750_align_REG_JRC2018_FEMALE_63x_DS_8bitc_J18U_SG	JRC_MB296B_Brain_2020__6	P{R15B01-p65.AD}	P{R26F01-GAL4.DBD}	female organism|adult brain
Janelia-1841433282508488802-Brain-20x_nrs_jacs_jacsData_filestore_asoy_Alignment_273_634_1898149893726273634_align_AlignedFlyBrain_8bitc_J18U_SG	JRC_MB058B_Brain_2020__1	P{R82C10-p65.AD}	P{R50B03-GAL4.DBD}	female organism|adult brain
Janelia-1841433282902753378-Brain-20x_nrs_jacs_jacsData_filestore_asoy_Alignment_416_738_2624153864009416738_align_REG_JRC2018_FEMALE_20x_HR_8bitc_J18U_SG	JRC_MB058B_Brain_2020__2	P{R82C10-p65.AD}	P{R50B03-GAL4.DBD}	female organism|adult brain
Janelia-1841433283431235682-Brain-20x_nrs_jacs_jacsData_filestore_asoy_Alignment_555_874_1898149906036555874_align_AlignedFlyBrain_8bitc_J18U_SG	JRC_MB308B_Brain_2020__1	P{ple-p65.AD}	P{R26F01-GAL4.DBD}	female organism|adult brain
Janelia-1841433283431235682-Brain-63x_nrs_jacs_jacsData_filestore_asoy_Alignment_697_762_2624118566554697762_align_REG_JRC2018_FEMALE_63x_DS_8bitc_J18U_SG	JRC_MB308B_Brain_2020__2	P{ple-p65.AD}	P{R26F01-GAL4.DBD}	female organism|adult brain
Janelia-1841433298702696546-Brain-20x_nrs_jacs_jacsData_filestore_asoy_Alignment_212_386_1900444665971212386_align_AlignedFlyBrain_8bitc_J18U_SG	JRC_MB313B_Brain_2020__1	P{R58E02-p65.AD}	P{R17C11-GAL4.DBD}	female organism|adult brain
Janelia-1841433298702696546-Brain-63x_nrs_jacs_jacsData_filestore_asoy_Alignment_310_498_2624110179557310498_align_REG_JRC2018_FEMALE_63x_DS_8bitc_J18U_SG	JRC_MB313B_Brain_2020__2	P{R58E02-p65.AD}	P{R17C11-GAL4.DBD}	female organism|adult brain
Janelia-1841433301160558690-Brain-20x_nrs_jacs_jacsData_filestore_asoy_Alignment_380_130_1900447327198380130_align_AlignedFlyBrain_8bitc_J18U_SG	JRC_MB315C_Brain_2020__1	PBac{R58E02-p65.AD}	P{R48H11-GAL4.DBD}	female organism|adult brain
Janelia-1841433301160558690-Brain-63x_nrs_jacs_jacsData_filestore_asoy_Alignment_431_524_2624110234842431524_align_REG_JRC2018_FEMALE_63x_DS_8bitc_J18U_SG	JRC_MB315C_Brain_2020__2	PBac{R58E02-p65.AD}	P{R48H11-GAL4.DBD}	female organism|adult brain
Janelia-1841433301361885282-Brain-20x_nrs_jacs_jacsData_filestore_asoy_Alignment_365_925_2334977217043365925_align_AlignedFlyBrain_8bitc_J18U_SG	JRC_MB315C_Brain_2020__3	PBac{R58E02-p65.AD}	P{R48H11-GAL4.DBD}	female organism|adult brain
Janelia-1841433301361885282-Brain-63x_nrs_jacs_jacsData_filestore_asoy_Alignment_232_164_2624111938925232164_align_REG_JRC2018_FEMALE_63x_DS_8bitc_J18U_SG	JRC_MB315C_Brain_2020__4	PBac{R58E02-p65.AD}	P{R48H11-GAL4.DBD}	female organism|adult brain
Janelia-1841433301584183394-Brain-20x_nrs_jacs_jacsData_filestore_asoy_Alignment_147_170_1900444665430147170_align_AlignedFlyBrain_8bitc_J18U_SG	JRC_MB315C_Brain_2020__5	PBac{R58E02-p65.AD}	P{R48H11-GAL4.DBD}	female organism|adult brain
Janelia-1841433301584183394-Brain-63x_nrs_jacs_jacsData_filestore_asoy_Alignment_706_212_2624110234934706212_align_REG_JRC2018_FEMALE_63x_DS_8bitc_J18U_SG	JRC_MB315C_Brain_2020__6	PBac{R58E02-p65.AD}	P{R48H11-GAL4.DBD}	female organism|adult brain
Janelia-1841433301710012514-Brain-20x_nrs_jacs_jacsData_filestore_asoy_Alignment_725_794_1900445284429725794_align_AlignedFlyBrain_8bitc_J18U_SG	JRC_MB315C_Brain_2020__7	PBac{R58E02-p65.AD}	P{R48H11-GAL4.DBD}	female organism|adult brain
Janelia-1841433301710012514-Brain-63x_nrs_jacs_jacsData_filestore_asoy_Alignment_203_044_2624111139260203044_align_REG_JRC2018_FEMALE_63x_DS_8bitc_J18U_SG	JRC_MB315C_Brain_2020__8	PBac{R58E02-p65.AD}	P{R48H11-GAL4.DBD}	female organism|adult brain
Janelia-1841433301848424546-Brain-20x_nrs_jacs_jacsData_filestore_asoy_Alignment_260_962_1900444977268260962_align_AlignedFlyBrain_8bitc_J18U_SG	JRC_MB315C_Brain_2020__9	PBac{R58E02-p65.AD}	P{R48H11-GAL4.DBD}	female organism|adult brain
Janelia-1841433301848424546-Brain-63x_nrs_jacs_jacsData_filestore_asoy_Alignment_277_218_2624111390893277218_align_REG_JRC2018_FEMALE_63x_DS_8bitc_J18U_SG	JRC_MB315C_Brain_2020__10	PBac{R58E02-p65.AD}	P{R48H11-GAL4.DBD}	female organism|adult brain
Janelia-1842888951174529122-Brain-20x_nrs_jacs_jacsData_filestore_asoy_Alignment_234_658_1903179341559234658_align_AlignedFlyBrain_8bitc_J18U_SG	JRC_MB594B_Brain_2020__1	P{R13F02-p65.AD}	P{R58F02-GAL4.DBD}	female organism|adult brain
Janelia-1842888951174529122-Brain-63x_nrs_jacs_jacsData_filestore_asoy_Alignment_406_821_2624125084876406821_align_REG_JRC2018_FEMALE_63x_DS_8bitc_J18U_SG	JRC_MB594B_Brain_2020__2	P{R13F02-p65.AD}	P{R58F02-GAL4.DBD}	female organism|adult brain
Janelia-1842888951661068386-Brain-63x_nrs_jacs_jacsData_filestore_asoy_Alignment_682_022_2624927046496682022_align_REG_JRC2018_FEMALE_63x_DS_8bitc_J18U_SG	JRC_MB594B_Brain_2020__3	P{R13F02-p65.AD}	P{R58F02-GAL4.DBD}	female organism|adult brain
Janelia-1844663949644005474-Brain-20x_nrs_jacs_jacsData_filestore_asoy_Alignment_279_335_2624160704596279335_align_REG_JRC2018_FEMALE_40x_8bitc_J18U_SG	JRC_MB027B_Brain_2020__1	P{R24H08-p65.AD}	P{R53F03-GAL4.DBD}	female organism|adult brain
Janelia-1844663949644005474-Brain-63x_nrs_jacs_jacsData_filestore_asoy_Alignment_619_751_2624247144709619751_align_REG_JRC2018_FEMALE_63x_DS_8bitc_J18U_SG	JRC_MB027B_Brain_2020__2	P{R24H08-p65.AD}	P{R53F03-GAL4.DBD}	female organism|adult brain
Janelia-1844663949878886498-Brain-20x_nrs_jacs_jacsData_filestore_asoy_Alignment_710_950_2624159423676710950_align_REG_JRC2018_FEMALE_40x_8bitc_J18U_SG	JRC_MB027B_Brain_2020__3	P{R24H08-p65.AD}	P{R53F03-GAL4.DBD}	female organism|adult brain
Janelia-1844663949878886498-Brain-63x_nrs_jacs_jacsData_filestore_asoy_Alignment_243_110_2624221191258243110_align_REG_JRC2018_FEMALE_63x_DS_8bitc_J18U_SG	JRC_MB027B_Brain_2020__4	P{R24H08-p65.AD}	P{R53F03-GAL4.DBD}	female organism|adult brain
Janelia-1844663950067630178-Brain-20x_nrs_jacs_jacsData_filestore_asoy_Alignment_416_674_1898150037947416674_align_AlignedFlyBrain_8bitc_J18U_SG	JRC_MB027B_Brain_2020__5	P{R24H08-p65.AD}	P{R53F03-GAL4.DBD}	female organism|adult brain
Janelia-1844663950067630178-Brain-63x_nrs_jacs_jacsData_filestore_asoy_Alignment_877_604_2624119276272877604_align_REG_JRC2018_FEMALE_63x_DS_8bitc_J18U_SG	JRC_MB027B_Brain_2020__6	P{R24H08-p65.AD}	P{R53F03-GAL4.DBD}	female organism|adult brain
Janelia-1844663950231208034-Brain-20x_nrs_jacs_jacsData_filestore_asoy_Alignment_193_447_2624159437090193447_align_REG_JRC2018_FEMALE_40x_8bitc_J18U_SG	JRC_MB027B_Brain_2020__7	P{R24H08-p65.AD}	P{R53F03-GAL4.DBD}	female organism|adult brain
Janelia-1844663950231208034-Brain-63x_nrs_jacs_jacsData_filestore_asoy_Alignment_840_935_2624224108421840935_align_REG_JRC2018_FEMALE_63x_DS_8bitc_J18U_SG	JRC_MB027B_Brain_2020__8	P{R24H08-p65.AD}	P{R53F03-GAL4.DBD}	female organism|adult brain
Janelia-1844663950583529570-Brain-20x_nrs_jacs_jacsData_filestore_asoy_Alignment_856_743_2624159437190856743_align_REG_JRC2018_FEMALE_40x_8bitc_J18U_SG	JRC_MB027B_Brain_2020__9	P{R24H08-p65.AD}	P{R53F03-GAL4.DBD}	female organism|adult brain
Janelia-1844663950583529570-Brain-63x_nrs_jacs_jacsData_filestore_asoy_Alignment_865_127_2624238424411865127_align_REG_JRC2018_FEMALE_63x_DS_8bitc_J18U_SG	JRC_MB027B_Brain_2020__10	P{R24H08-p65.AD}	P{R53F03-GAL4.DBD}	female organism|adult brain
Janelia-1844663950856159330-Brain-20x_nrs_jacs_jacsData_filestore_asoy_Alignment_823_078_2624159028388823078_align_REG_JRC2018_FEMALE_40x_8bitc_J18U_SG	JRC_MB543B_Brain_2020__1	P{R65B09-p65.AD}	P{R81E11-GAL4.DBD}	female organism|adult brain
Janelia-1844663950856159330-Brain-63x_nrs_jacs_jacsData_filestore_asoy_Alignment_791_270_2624224613453791270_align_REG_JRC2018_FEMALE_63x_DS_8bitc_J18U_SG	JRC_MB543B_Brain_2020__2	P{R65B09-p65.AD}	P{R81E11-GAL4.DBD}	female organism|adult brain
Janelia-1844663954400346210-Brain-20x_nrs_jacs_jacsData_filestore_asoy_Alignment_006_946_2624164002804006946_align_REG_JRC2018_FEMALE_40x_8bitc_J18U_SG	JRC_MB009B_Brain_2020__1	P{R13F02-p65.AD}	P{R45H04-GAL4.DBD}	female organism|adult brain
Janelia-1844663955251789922-Brain-20x_nrs_jacs_jacsData_filestore_asoy_Alignment_733_154_2624163523193733154_align_REG_JRC2018_FEMALE_40x_8bitc_J18U_SG	JRC_MB131B_Brain_2020__1	P{R13F02-p65.AD}	P{R89B01-GAL4.DBD}	female organism|adult brain
Janelia-1844663955486670946-Brain-20x_nrs_jacs_jacsData_filestore_asoy_Alignment_943_141_2624159194864943141_align_REG_JRC2018_FEMALE_40x_8bitc_J18U_SG	JRC_MB131B_Brain_2020__2	P{R13F02-p65.AD}	P{R89B01-GAL4.DBD}	female organism|adult brain
Janelia-1844663959014080610-Brain-20x_nrs_jacs_jacsData_filestore_asoy_Alignment_343_654_2624162429839343654_align_REG_JRC2018_FEMALE_40x_8bitc_J18U_SG	JRC_MB418B_Brain_2020__1	P{R26E07-p65.AD}	P{R30F02-GAL4.DBD}	female organism|adult brain
Janelia-1844663959160881250-Brain-20x_nrs_jacs_jacsData_filestore_asoy_Alignment_656_933_2624162495144656933_align_REG_JRC2018_FEMALE_40x_8bitc_J18U_SG	JRC_MB418B_Brain_2020__2	P{R26E07-p65.AD}	P{R30F02-GAL4.DBD}	female organism|adult brain
Janelia-1844663960486281314-Brain-20x_nrs_jacs_jacsData_filestore_asoy_Alignment_248_872_2624166260304248872_align_REG_JRC2018_FEMALE_40x_8bitc_J18U_SG	JRC_MB371B_Brain_2020__1	P{R13F02-p65.AD}	P{R85D07-GAL4.DBD}	female organism|adult brain
Janelia-1844663960486281314-Brain-63x_nrs_jacs_jacsData_filestore_asoy_Alignment_170_472_2624224274449170472_align_REG_JRC2018_FEMALE_63x_DS_8bitc_J18U_SG	JRC_MB371B_Brain_2020__2	P{R13F02-p65.AD}	P{R85D07-GAL4.DBD}	female organism|adult brain
Janelia-1844663960796659810-Brain-20x_nrs_jacs_jacsData_filestore_asoy_Alignment_618_726_2624164705429618726_align_REG_JRC2018_FEMALE_40x_8bitc_J18U_SG	JRC_MB371B_Brain_2020__3	P{R13F02-p65.AD}	P{R85D07-GAL4.DBD}	female organism|adult brain
Janelia-1844663961048318050-Brain-20x_nrs_jacs_jacsData_filestore_asoy_Alignment_098_338_2624164833792098338_align_REG_JRC2018_FEMALE_40x_8bitc_J18U_SG	JRC_MB185B_Brain_2020__1	P{R52H09-p65.AD}	P{R18F09-GAL4.DBD}	female organism|adult brain
Janelia-1844663961589383266-Brain-20x_nrs_jacs_jacsData_filestore_asoy_Alignment_982_628_2624164744335982628_align_REG_JRC2018_FEMALE_40x_8bitc_J18U_SG	JRC_MB477B_Brain_2020__1	P{R44E04-p65.AD}	P{R26E07-GAL4.DBD}	female organism|adult brain
Janelia-1844663961824264290-Brain-20x_nrs_jacs_jacsData_filestore_asoy_Alignment_726_500_2624166767009726500_align_REG_JRC2018_FEMALE_40x_8bitc_J18U_SG	JRC_MB477B_Brain_2020__2	P{R44E04-p65.AD}	P{R26E07-GAL4.DBD}	female organism|adult brain
Janelia-1844663963304853602-Brain-20x_nrs_jacs_jacsData_filestore_asoy_Alignment_271_460_2624165666487271460_align_REG_JRC2018_FEMALE_40x_8bitc_J18U_SG	JRC_MB419B_Brain_2020__1	P{R26E07-p65.AD}	P{R39A11-GAL4.DBD}	female organism|adult brain
Janelia-1844663963304853602-Brain-63x_nrs_jacs_jacsData_filestore_asoy_Alignment_310_180_2624223615746310180_align_REG_JRC2018_FEMALE_63x_DS_8bitc_J18U_SG	JRC_MB419B_Brain_2020__2	P{R26E07-p65.AD}	P{R39A11-GAL4.DBD}	female organism|adult brain
Janelia-1844663963493597282-Brain-20x_nrs_jacs_jacsData_filestore_asoy_Alignment_503_334_2624164360456503334_align_REG_JRC2018_FEMALE_40x_8bitc_J18U_SG	JRC_MB419B_Brain_2020__3	P{R26E07-p65.AD}	P{R39A11-GAL4.DBD}	female organism|adult brain
Janelia-1844663963493597282-Brain-63x_nrs_jacs_jacsData_filestore_asoy_Alignment_843_302_2624220631624843302_align_REG_JRC2018_FEMALE_63x_DS_8bitc_J18U_SG	JRC_MB419B_Brain_2020__4	P{R26E07-p65.AD}	P{R39A11-GAL4.DBD}	female organism|adult brain
Janelia-1844663964768665698-Brain-63x_nrs_jacs_jacsData_filestore_asoy_Alignment_391_398_2624235154293391398_align_REG_JRC2018_FEMALE_63x_DS_8bitc_J18U_SG	JRC_MB298B_Brain_2020__1	P{R53C03-p65.AD}	P{R24E12-GAL4.DBD}	female organism|adult brain
Janelia-1844663965125181538-Brain-20x_nrs_jacs_jacsData_filestore_asoy_Alignment_361_316_2624166046235361316_align_REG_JRC2018_FEMALE_40x_8bitc_J18U_SG	JRC_MB298B_Brain_2020__2	P{R53C03-p65.AD}	P{R24E12-GAL4.DBD}	female organism|adult brain
Janelia-1844663965125181538-Brain-63x_nrs_jacs_jacsData_filestore_asoy_Alignment_606_180_2624225813561606180_align_REG_JRC2018_FEMALE_63x_DS_8bitc_J18U_SG	JRC_MB298B_Brain_2020__3	P{R53C03-p65.AD}	P{R24E12-GAL4.DBD}	female organism|adult brain
Janelia-1844663966651908194-Brain-20x_nrs_jacs_jacsData_filestore_asoy_Alignment_205_672_2624163530651205672_align_REG_JRC2018_FEMALE_40x_8bitc_J18U_SG	JRC_MB465C_Brain_2020__1	PBac{R37D04-p65.AD}	P{R51B02-GAL4.DBD}	female organism|adult brain
Janelia-1844663968539344994-Brain-20x_nrs_jacs_jacsData_filestore_asoy_Alignment_532_135_2624170199766532135_align_REG_JRC2018_FEMALE_40x_8bitc_J18U_SG	JRC_MB083C_Brain_2020__1	PBac{R52G04-p65.AD}	P{R94B10-GAL4.DBD}	female organism|adult brain
Janelia-1844663968811974754-Brain-20x_nrs_jacs_jacsData_filestore_asoy_Alignment_770_215_2624169821838770215_align_REG_JRC2018_FEMALE_40x_8bitc_J18U_SG	JRC_MB083C_Brain_2020__2	PBac{R52G04-p65.AD}	P{R94B10-GAL4.DBD}	female organism|adult brain
Janelia-1844664000541884514-Brain-20x_nrs_jacs_jacsData_filestore_asoy_Alignment_736_930_1900447179663736930_align_AlignedFlyBrain_8bitc_J18U_SG	JRC_MB262B_Brain_2020__1	P{R52B07-p65.AD}	P{R52H01-GAL4.DBD}	female organism|adult brain
Janelia-1844664000910983266-Brain-20x_nrs_jacs_jacsData_filestore_asoy_Alignment_458_146_1900444840307458146_align_AlignedFlyBrain_8bitc_J18U_SG	JRC_MB262B_Brain_2020__2	P{R52B07-p65.AD}	P{R52H01-GAL4.DBD}	female organism|adult brain
Janelia-1845060843746623586-Brain-20x_nrs_jacs_jacsData_filestore_asoy_Alignment_256_807_2624167433908256807_align_REG_JRC2018_FEMALE_40x_8bitc_J18U_SG	JRC_MB042B_Brain_2020__2	P{R58E02-p65.AD}	P{R22E04-GAL4.DBD}	female organism|adult brain
Janelia-1845060843746623586-Brain-63x_nrs_jacs_jacsData_filestore_asoy_Alignment_486_247_2624274880379486247_align_REG_JRC2018_FEMALE_63x_DS_8bitc_J18U_SG	JRC_MB042B_Brain_2020__3	P{R58E02-p65.AD}	P{R22E04-GAL4.DBD}	female organism|adult brain
Janelia-1845060844409323618-Brain-20x_nrs_jacs_jacsData_filestore_asoy_Alignment_342_436_2624168407754342436_align_REG_JRC2018_FEMALE_40x_8bitc_J18U_SG	JRC_MB042B_Brain_2020__4	P{R58E02-p65.AD}	P{R22E04-GAL4.DBD}	female organism|adult brain
Janelia-1845060844409323618-Brain-63x_nrs_jacs_jacsData_filestore_asoy_Alignment_729_828_2624250210829729828_align_REG_JRC2018_FEMALE_63x_DS_8bitc_J18U_SG	JRC_MB042B_Brain_2020__5	P{R58E02-p65.AD}	P{R22E04-GAL4.DBD}	female organism|adult brain
Janelia-1845060845118160994-Brain-63x_nrs_jacs_jacsData_filestore_asoy_Alignment_061_860_2624235643626061860_align_REG_JRC2018_FEMALE_63x_DS_8bitc_J18U_SG	JRC_MB195B_Brain_2020__1	P{R58E02-p65.AD}	P{R31F06-GAL4.DBD}	female organism|adult brain
Janelia-1845060845294321762-Brain-20x_nrs_jacs_jacsData_filestore_asoy_Alignment_919_396_2624167838859919396_align_REG_JRC2018_FEMALE_40x_8bitc_J18U_SG	JRC_MB195B_Brain_2020__2	P{R58E02-p65.AD}	P{R31F06-GAL4.DBD}	female organism|adult brain
Janelia-1845060845294321762-Brain-63x_nrs_jacs_jacsData_filestore_asoy_Alignment_150_692_2624215384542150692_align_REG_JRC2018_FEMALE_63x_DS_8bitc_J18U_SG	JRC_MB195B_Brain_2020__3	P{R58E02-p65.AD}	P{R31F06-GAL4.DBD}	female organism|adult brain
Janelia-1845060846057685090-Brain-20x_nrs_jacs_jacsData_filestore_asoy_Alignment_054_695_2624164768730054695_align_REG_JRC2018_FEMALE_40x_8bitc_J18U_SG	JRC_MB315C_Brain_2020__11	PBac{R58E02-p65.AD}	P{R48H11-GAL4.DBD}	female organism|adult brain
Janelia-1845060849232773218-Brain-20x_nrs_jacs_jacsData_filestore_asoy_Alignment_026_210_2624165424111026210_align_REG_JRC2018_FEMALE_20x_HR_8bitc_J18U_SG	JRC_MB021B_Brain_2020__1	P{R24E06-p65.AD}	P{R95A10-GAL4.DBD}	female organism|adult brain
Janelia-1845060849232773218-Brain-63x_nrs_jacs_jacsData_filestore_asoy_Alignment_222_498_2624208168460222498_align_REG_JRC2018_FEMALE_63x_DS_8bitc_J18U_SG	JRC_MB021B_Brain_2020__2	P{R24E06-p65.AD}	P{R95A10-GAL4.DBD}	female organism|adult brain
Janelia-1845060849442488418-Brain-20x_nrs_jacs_jacsData_filestore_asoy_Alignment_960_292_2531806773572960292_align_AlignedFlyBrain_8bitc_J18U_SG	JRC_MB021B_Brain_2020__3	P{R24E06-p65.AD}	P{R95A10-GAL4.DBD}	female organism|adult brain
Janelia-1845060849442488418-Brain-63x_nrs_jacs_jacsData_filestore_asoy_Alignment_617_442_2624122473737617442_align_REG_JRC2018_FEMALE_63x_DS_8bitc_J18U_SG	JRC_MB021B_Brain_2020__4	P{R24E06-p65.AD}	P{R95A10-GAL4.DBD}	female organism|adult brain
Janelia-1845060873475850338-Brain-20x_nrs_jacs_jacsData_filestore_asoy_Alignment_186_342_2624166787289186342_align_REG_JRC2018_FEMALE_40x_8bitc_J18U_SG	JRC_MB213B_Brain_2020__1	P{R76F05-p65.AD}	P{R32G08-GAL4.DBD}	female organism|adult brain
Janelia-1845060873735897186-Brain-20x_nrs_jacs_jacsData_filestore_asoy_Alignment_311_074_2624165202404311074_align_REG_JRC2018_FEMALE_40x_8bitc_J18U_SG	JRC_MB213B_Brain_2020__2	P{R76F05-p65.AD}	P{R32G08-GAL4.DBD}	female organism|adult brain
Janelia-1845060873945612386-Brain-20x_nrs_jacs_jacsData_filestore_asoy_Alignment_835_618_2624164832512835618_align_REG_JRC2018_FEMALE_40x_8bitc_J18U_SG	JRC_MB213B_Brain_2020__3	P{R76F05-p65.AD}	P{R32G08-GAL4.DBD}	female organism|adult brain
Janelia-1845060874130161762-Brain-20x_nrs_jacs_jacsData_filestore_asoy_Alignment_500_391_2624171075910500391_align_REG_JRC2018_FEMALE_40x_8bitc_J18U_SG	JRC_MB213B_Brain_2020__4	P{R76F05-p65.AD}	P{R32G08-GAL4.DBD}	female organism|adult brain
Janelia-1845060874130161762-Brain-63x_nrs_jacs_jacsData_filestore_asoy_Alignment_256_679_2624245405990256679_align_REG_JRC2018_FEMALE_63x_DS_8bitc_J18U_SG	JRC_MB213B_Brain_2020__5	P{R76F05-p65.AD}	P{R32G08-GAL4.DBD}	female organism|adult brain
Janelia-1845060874549592162-Brain-20x_nrs_jacs_jacsData_filestore_asoy_Alignment_809_124_2624167403310809124_align_REG_JRC2018_FEMALE_40x_8bitc_J18U_SG	JRC_MB047B_Brain_2020__1	P{R58E02-p65.AD}	P{R93A09-GAL4.DBD}	female organism|adult brain
Janelia-1845060874549592162-Brain-63x_nrs_jacs_jacsData_filestore_asoy_Alignment_124_068_2624227507838124068_align_REG_JRC2018_FEMALE_63x_DS_8bitc_J18U_SG	JRC_MB047B_Brain_2020__2	P{R58E02-p65.AD}	P{R93A09-GAL4.DBD}	female organism|adult brain
Janelia-1845060874767695970-Brain-20x_nrs_jacs_jacsData_filestore_asoy_Alignment_608_868_2624168931551608868_align_REG_JRC2018_FEMALE_40x_8bitc_J18U_SG	JRC_MB047B_Brain_2020__3	P{R58E02-p65.AD}	P{R93A09-GAL4.DBD}	female organism|adult brain
Janelia-1845060874767695970-Brain-63x_nrs_jacs_jacsData_filestore_asoy_Alignment_246_244_2624243892337246244_align_REG_JRC2018_FEMALE_63x_DS_8bitc_J18U_SG	JRC_MB047B_Brain_2020__4	P{R58E02-p65.AD}	P{R93A09-GAL4.DBD}	female organism|adult brain
Janelia-1845060875241652322-Brain-20x_nrs_jacs_jacsData_filestore_asoy_Alignment_402_210_2624167771348402210_align_REG_JRC2018_FEMALE_40x_8bitc_J18U_SG	JRC_MB047B_Brain_2020__5	P{R58E02-p65.AD}	P{R93A09-GAL4.DBD}	female organism|adult brain
Janelia-1845060875241652322-Brain-63x_nrs_jacs_jacsData_filestore_asoy_Alignment_673_954_2624245003630673954_align_REG_JRC2018_FEMALE_63x_DS_8bitc_J18U_SG	JRC_MB047B_Brain_2020__6	P{R58E02-p65.AD}	P{R93A09-GAL4.DBD}	female organism|adult brain
Janelia-1845060876403474530-Brain-20x_nrs_jacs_jacsData_filestore_asoy_Alignment_534_629_2624167590695534629_align_REG_JRC2018_FEMALE_40x_8bitc_J18U_SG	JRC_MB025B_Brain_2020__1	P{R24E12-p65.AD}	P{R52H01-GAL4.DBD}	female organism|adult brain
Janelia-1845060876403474530-Brain-63x_nrs_jacs_jacsData_filestore_asoy_Alignment_655_973_2624224996607655973_align_REG_JRC2018_FEMALE_63x_DS_8bitc_J18U_SG	JRC_MB025B_Brain_2020__2	P{R24E12-p65.AD}	P{R52H01-GAL4.DBD}	female organism|adult brain
Janelia-1845060876948734050-Brain-20x_nrs_jacs_jacsData_filestore_asoy_Alignment_214_566_2624168590760214566_align_REG_JRC2018_FEMALE_40x_8bitc_J18U_SG	JRC_MB109B_Brain_2020__1	P{R76F05-p65.AD}	P{R23C12-GAL4.DBD}	female organism|adult brain
Janelia-1845060876948734050-Brain-63x_nrs_jacs_jacsData_filestore_asoy_Alignment_726_118_2624249229559726118_align_REG_JRC2018_FEMALE_63x_DS_8bitc_J18U_SG	JRC_MB109B_Brain_2020__2	P{R76F05-p65.AD}	P{R23C12-GAL4.DBD}	female organism|adult brain
Janelia-1845060877338804322-Brain-20x_nrs_jacs_jacsData_filestore_asoy_Alignment_439_334_2624168474544439334_align_REG_JRC2018_FEMALE_40x_8bitc_J18U_SG	JRC_MB109B_Brain_2020__3	P{R76F05-p65.AD}	P{R23C12-GAL4.DBD}	female organism|adult brain
Janelia-1845060877338804322-Brain-63x_nrs_jacs_jacsData_filestore_asoy_Alignment_669_414_2624227306557669414_align_REG_JRC2018_FEMALE_63x_DS_8bitc_J18U_SG	JRC_MB109B_Brain_2020__4	P{R76F05-p65.AD}	P{R23C12-GAL4.DBD}	female organism|adult brain
Janelia-1845060877548519522-Brain-20x_nrs_jacs_jacsData_filestore_asoy_Alignment_471_334_2624168285276471334_align_REG_JRC2018_FEMALE_40x_8bitc_J18U_SG	JRC_MB109B_Brain_2020__5	P{R76F05-p65.AD}	P{R23C12-GAL4.DBD}	female organism|adult brain
Janelia-1845060877548519522-Brain-63x_nrs_jacs_jacsData_filestore_asoy_Alignment_609_382_2624226600727609382_align_REG_JRC2018_FEMALE_63x_DS_8bitc_J18U_SG	JRC_MB109B_Brain_2020__6	P{R76F05-p65.AD}	P{R23C12-GAL4.DBD}	female organism|adult brain
Janelia-1845060878509015138-Brain-20x_nrs_jacs_jacsData_filestore_asoy_Alignment_693_542_2624168050508693542_align_REG_JRC2018_FEMALE_40x_8bitc_J18U_SG	JRC_MB312B_Brain_2020__1	P{R58E02-p65.AD}	P{R10G03-GAL4.DBD}	female organism|adult brain
Janelia-1845060879188492386-Brain-20x_nrs_jacs_jacsData_filestore_asoy_Alignment_814_373_2624167590636814373_align_REG_JRC2018_FEMALE_40x_8bitc_J18U_SG	JRC_MB312B_Brain_2020__2	P{R58E02-p65.AD}	P{R10G03-GAL4.DBD}	female organism|adult brain
Janelia-1845060879188492386-Brain-63x_nrs_jacs_jacsData_filestore_asoy_Alignment_473_765_2624234776038473765_align_REG_JRC2018_FEMALE_63x_DS_8bitc_J18U_SG	JRC_MB312B_Brain_2020__3	P{R58E02-p65.AD}	P{R10G03-GAL4.DBD}	female organism|adult brain
Janelia-1845060879742140514-Brain-20x_nrs_jacs_jacsData_filestore_asoy_Alignment_078_822_2624167902953078822_align_REG_JRC2018_FEMALE_40x_8bitc_J18U_SG	JRC_MB057B_Brain_2020__1	P{R80G12-p65.AD}	P{R53H03-GAL4.DBD}	female organism|adult brain
Janelia-1845060879742140514-Brain-63x_nrs_jacs_jacsData_filestore_asoy_Alignment_015_846_2624241218049015846_align_REG_JRC2018_FEMALE_63x_DS_8bitc_J18U_SG	JRC_MB057B_Brain_2020__2	P{R80G12-p65.AD}	P{R53H03-GAL4.DBD}	female organism|adult brain
Janelia-1845060880945905762-Brain-20x_nrs_jacs_jacsData_filestore_asoy_Alignment_830_690_2624167994149830690_align_REG_JRC2018_FEMALE_40x_8bitc_J18U_SG	JRC_MB021B_Brain_2020__5	P{R24E06-p65.AD}	P{R95A10-GAL4.DBD}	female organism|adult brain
Janelia-1845060881109483618-Brain-20x_nrs_jacs_jacsData_filestore_asoy_Alignment_790_818_2624167771356790818_align_REG_JRC2018_FEMALE_40x_8bitc_J18U_SG	JRC_MB021B_Brain_2020__6	P{R24E06-p65.AD}	P{R95A10-GAL4.DBD}	female organism|adult brain
Janelia-1845060881361141858-Brain-20x_nrs_jacs_jacsData_filestore_asoy_Alignment_224_034_2624174147764224034_align_REG_JRC2018_FEMALE_40x_8bitc_J18U_SG	JRC_MB021B_Brain_2020__7	P{R24E06-p65.AD}	P{R95A10-GAL4.DBD}	female organism|adult brain
Janelia-1845060881558274146-Brain-20x_nrs_jacs_jacsData_filestore_asoy_Alignment_842_726_2624171048265842726_align_REG_JRC2018_FEMALE_40x_8bitc_J18U_SG	JRC_MB021B_Brain_2020__8	P{R24E06-p65.AD}	P{R95A10-GAL4.DBD}	female organism|adult brain
Janelia-1845060882875285602-Brain-20x_nrs_jacs_jacsData_filestore_asoy_Alignment_913_256_2624174094827913256_align_REG_JRC2018_FEMALE_40x_8bitc_J18U_SG	JRC_MB013B_Brain_2020__1	P{R14F05-p65.AD}	P{R14B03-GAL4.DBD}	female organism|adult brain
Janelia-1845060882875285602-Brain-63x_nrs_jacs_jacsData_filestore_asoy_Alignment_875_176_2624269578598875176_align_REG_JRC2018_FEMALE_63x_DS_8bitc_J18U_SG	JRC_MB013B_Brain_2020__2	P{R14F05-p65.AD}	P{R14B03-GAL4.DBD}	female organism|adult brain
Janelia-1845060883441516642-Brain-20x_nrs_jacs_jacsData_filestore_asoy_Alignment_165_608_2624171181309165608_align_REG_JRC2018_FEMALE_40x_8bitc_J18U_SG	JRC_MB013B_Brain_2020__3	P{R14F05-p65.AD}	P{R14B03-GAL4.DBD}	female organism|adult brain
Janelia-1845060883441516642-Brain-63x_nrs_jacs_jacsData_filestore_asoy_Alignment_948_456_2624244947317948456_align_REG_JRC2018_FEMALE_63x_DS_8bitc_J18U_SG	JRC_MB013B_Brain_2020__4	P{R14F05-p65.AD}	P{R14B03-GAL4.DBD}	female organism|adult brain
Janelia-1845060898121580642-Brain-20x_nrs_jacs_jacsData_filestore_asoy_Alignment_023_782_2624889559653023782_align_REG_JRC2018_FEMALE_20x_HR_8bitc_J18U_SG	JRC_MB002B_Brain_2020__1	P{R12C11-p65.AD}	P{R14C08-GAL4.DBD}	female organism|adult brain
Janelia-1845060898121580642-Brain-63x_nrs_jacs_jacsData_filestore_asoy_Alignment_561_638_2624937752369561638_align_REG_JRC2018_FEMALE_63x_DS_8bitc_J18U_SG	JRC_MB002B_Brain_2020__2	P{R12C11-p65.AD}	P{R14C08-GAL4.DBD}	female organism|adult brain
Janelia-1845060898608119906-Brain-20x_nrs_jacs_jacsData_filestore_asoy_Alignment_527_842_1898453818874527842_align_AlignedFlyBrain_8bitc_J18U_SG	JRC_MB210B_Brain_2020__1	P{R15B01-p65.AD}	P{R27G01-GAL4.DBD}	female organism|adult brain
Janelia-1845060898608119906-Brain-63x_nrs_jacs_jacsData_filestore_asoy_Alignment_091_106_2624113054761091106_align_REG_JRC2018_FEMALE_63x_DS_8bitc_J18U_SG	JRC_MB210B_Brain_2020__2	P{R15B01-p65.AD}	P{R27G01-GAL4.DBD}	female organism|adult brain
Janelia-1845060898767503458-Brain-20x_nrs_jacs_jacsData_filestore_asoy_Alignment_621_026_1898456705482621026_align_AlignedFlyBrain_8bitc_J18U_SG	JRC_MB011B_Brain_2020__1	P{R14C08-p65.AD}	P{R15B01-GAL4.DBD}	female organism|adult brain
Janelia-1845060898767503458-Brain-63x_nrs_jacs_jacsData_filestore_asoy_Alignment_735_394_2624113369006735394_align_REG_JRC2018_FEMALE_63x_DS_8bitc_J18U_SG	JRC_MB011B_Brain_2020__2	P{R14C08-p65.AD}	P{R15B01-GAL4.DBD}	female organism|adult brain
Janelia-1845060899182739554-Brain-20x_nrs_jacs_jacsData_filestore_asoy_Alignment_821_986_1898457983654821986_align_AlignedFlyBrain_8bitc_J18U_SG	JRC_MB011B_Brain_2020__3	P{R14C08-p65.AD}	P{R15B01-GAL4.DBD}	female organism|adult brain
Janelia-1845060899182739554-Brain-63x_nrs_jacs_jacsData_filestore_asoy_Alignment_242_658_2624113054505242658_align_REG_JRC2018_FEMALE_63x_DS_8bitc_J18U_SG	JRC_MB011B_Brain_2020__4	P{R14C08-p65.AD}	P{R15B01-GAL4.DBD}	female organism|adult brain
Janelia-1845425404307832930-Brain-20x_nrs_jacs_jacsData_filestore_asoy_Alignment_135_078_2624177613874135078_align_REG_JRC2018_FEMALE_40x_8bitc_J18U_SG	JRC_MB042B_Brain_2020__6	P{R58E02-p65.AD}	P{R22E04-GAL4.DBD}	female organism|adult brain
Janelia-1845425406107189346-Brain-20x_nrs_jacs_jacsData_filestore_asoy_Alignment_596_264_2625325040060596264_align_REG_JRC2018_FEMALE_40x_8bitc_J18U_SG	JRC_MB188B_Brain_2020__1	P{R58E02-p65.AD}	P{R11A03-GAL4.DBD}	female organism|adult brain
Janelia-1845425406107189346-Brain-63x_nrs_jacs_jacsData_filestore_asoy_Alignment_998_502_2624264674647998502_align_REG_JRC2018_FEMALE_63x_DS_8bitc_J18U_SG	JRC_MB188B_Brain_2020__2	P{R58E02-p65.AD}	P{R11A03-GAL4.DBD}	female organism|adult brain
Janelia-1845425407092850786-Brain-20x_nrs_jacs_jacsData_filestore_asoy_Alignment_566_567_2624193378572566567_align_REG_JRC2018_FEMALE_40x_8bitc_J18U_SG	JRC_MB195B_Brain_2020__4	P{R58E02-p65.AD}	P{R31F06-GAL4.DBD}	female organism|adult brain
Janelia-1845425407092850786-Brain-63x_nrs_jacs_jacsData_filestore_asoy_Alignment_942_055_2624257266617942055_align_REG_JRC2018_FEMALE_63x_DS_8bitc_J18U_SG	JRC_MB195B_Brain_2020__5	P{R58E02-p65.AD}	P{R31F06-GAL4.DBD}	female organism|adult brain
Janelia-1845425407382257762-Brain-20x_nrs_jacs_jacsData_filestore_asoy_Alignment_113_253_2624175942943113253_align_REG_JRC2018_FEMALE_40x_8bitc_J18U_SG	JRC_MB316B_Brain_2020__1	P{R58E02-p65.AD}	P{R93G08-GAL4.DBD}	female organism|adult brain
Janelia-1845425407382257762-Brain-63x_nrs_jacs_jacsData_filestore_asoy_Alignment_948_837_2624247812639948837_align_REG_JRC2018_FEMALE_63x_DS_8bitc_J18U_SG	JRC_MB316B_Brain_2020__2	P{R58E02-p65.AD}	P{R93G08-GAL4.DBD}	female organism|adult brain
Janelia-1845425408195952738-Brain-20x_nrs_jacs_jacsData_filestore_asoy_Alignment_340_962_2624203124457340962_align_REG_JRC2018_FEMALE_40x_8bitc_J18U_SG	JRC_MB194B_Brain_2020__1	P{R58E02-p65.AD}	P{R29G04-GAL4.DBD}	female organism|adult brain
Janelia-1845425408195952738-Brain-63x_nrs_jacs_jacsData_filestore_asoy_Alignment_131_554_2624262737777131554_align_REG_JRC2018_FEMALE_63x_DS_8bitc_J18U_SG	JRC_MB194B_Brain_2020__2	P{R58E02-p65.AD}	P{R29G04-GAL4.DBD}	female organism|adult brain
Janelia-1845425408703463522-Brain-20x_nrs_jacs_jacsData_filestore_asoy_Alignment_733_800_2625323523647733800_align_REG_JRC2018_FEMALE_40x_8bitc_J18U_SG	JRC_MB194B_Brain_2020__3	P{R58E02-p65.AD}	P{R29G04-GAL4.DBD}	female organism|adult brain
Janelia-1845425409458438242-Brain-20x_nrs_jacs_jacsData_filestore_asoy_Alignment_126_758_2624182291236126758_align_REG_JRC2018_FEMALE_40x_8bitc_J18U_SG	JRC_MB043B_Brain_2020__1	P{R58E02-p65.AD}	P{R32D11-GAL4.DBD}	female organism|adult brain
Janelia-1845425450780721250-Brain-20x_nrs_jacs_jacsData_filestore_asoy_Alignment_468_450_1898849356954468450_align_AlignedFlyBrain_8bitc_J18U_SG	JRC_MB018B_Brain_2020__1	P{R20G03-p65.AD}	P{R19F09-GAL4.DBD}	female organism|adult brain
Janelia-1845425450780721250-Brain-63x_nrs_jacs_jacsData_filestore_asoy_Alignment_953_380_2624113662800953380_align_REG_JRC2018_FEMALE_63x_DS_8bitc_J18U_SG	JRC_MB018B_Brain_2020__2	P{R20G03-p65.AD}	P{R19F09-GAL4.DBD}	female organism|adult brain
Janelia-1845425451074322530-Brain-20x_nrs_jacs_jacsData_filestore_asoy_Alignment_945_186_1898849360137945186_align_AlignedFlyBrain_8bitc_J18U_SG	JRC_MB018B_Brain_2020__3	P{R20G03-p65.AD}	P{R19F09-GAL4.DBD}	female organism|adult brain
Janelia-1845425451074322530-Brain-63x_nrs_jacs_jacsData_filestore_asoy_Alignment_947_876_2624113247350947876_align_REG_JRC2018_FEMALE_63x_DS_8bitc_J18U_SG	JRC_MB018B_Brain_2020__4	P{R20G03-p65.AD}	P{R19F09-GAL4.DBD}	female organism|adult brain
Janelia-1845425451250483298-Brain-20x_nrs_jacs_jacsData_filestore_asoy_Alignment_175_714_1898849363208175714_align_AlignedFlyBrain_8bitc_J18U_SG	JRC_MB018B_Brain_2020__5	P{R20G03-p65.AD}	P{R19F09-GAL4.DBD}	female organism|adult brain
Janelia-1845425451250483298-Brain-63x_nrs_jacs_jacsData_filestore_asoy_Alignment_204_644_2624113662763204644_align_REG_JRC2018_FEMALE_63x_DS_8bitc_J18U_SG	JRC_MB018B_Brain_2020__6	P{R20G03-p65.AD}	P{R19F09-GAL4.DBD}	female organism|adult brain
Janelia-1845425454358462562-Brain-20x_nrs_jacs_jacsData_filestore_asoy_Alignment_989_090_1898951496267989090_align_AlignedFlyBrain_8bitc_J18U_SG	JRC_MB051C_Brain_2020__1	PBac{R70B10-p65.AD}	P{R19F09-GAL4.DBD}	female organism|adult brain
Janelia-1845425454358462562-Brain-63x_nrs_jacs_jacsData_filestore_asoy_Alignment_351_652_2624113246906351652_align_REG_JRC2018_FEMALE_63x_DS_8bitc_J18U_SG	JRC_MB051C_Brain_2020__2	PBac{R70B10-p65.AD}	P{R19F09-GAL4.DBD}	female organism|adult brain
Janelia-1845425454824030306-Brain-20x_nrs_jacs_jacsData_filestore_asoy_Alignment_622_690_1898951903744622690_align_AlignedFlyBrain_8bitc_J18U_SG	JRC_MB051C_Brain_2020__3	PBac{R70B10-p65.AD}	P{R19F09-GAL4.DBD}	female organism|adult brain
Janelia-1845425454824030306-Brain-63x_nrs_jacs_jacsData_filestore_asoy_Alignment_929_508_2624113247069929508_align_REG_JRC2018_FEMALE_63x_DS_8bitc_J18U_SG	JRC_MB051C_Brain_2020__4	PBac{R70B10-p65.AD}	P{R19F09-GAL4.DBD}	female organism|adult brain
Janelia-1845425454933082210-Brain-63x_nrs_jacs_jacsData_filestore_asoy_Alignment_207_396_2624113247896207396_align_REG_JRC2018_FEMALE_63x_DS_8bitc_J18U_SG	JRC_MB051B_Brain_2020__1	P{R70B10-p65.AD}	P{R19F09-GAL4.DBD}	female organism|adult brain
Janelia-1845425455079882850-Brain-63x_nrs_jacs_jacsData_filestore_asoy_Alignment_233_124_2624113662742233124_align_REG_JRC2018_FEMALE_63x_DS_8bitc_J18U_SG	JRC_MB051B_Brain_2020__2	P{R70B10-p65.AD}	P{R19F09-GAL4.DBD}	female organism|adult brain
Janelia-1845425455344124002-Brain-63x_nrs_jacs_jacsData_filestore_asoy_Alignment_147_362_2624113656178147362_align_REG_JRC2018_FEMALE_63x_DS_8bitc_J18U_SG	JRC_MB051B_Brain_2020__3	P{R70B10-p65.AD}	P{R19F09-GAL4.DBD}	female organism|adult brain
Janelia-1845425462273114210-Brain-20x_nrs_jacs_jacsData_filestore_asoy_Alignment_706_658_1900447745504706658_align_AlignedFlyBrain_8bitc_J18U_SG	JRC_MB296B_Brain_2020__7	P{R15B01-p65.AD}	P{R26F01-GAL4.DBD}	female organism|adult brain
Janelia-1845425462273114210-Brain-63x_nrs_jacs_jacsData_filestore_asoy_Alignment_192_802_2624115580252192802_align_REG_JRC2018_FEMALE_63x_DS_8bitc_J18U_SG	JRC_MB296B_Brain_2020__8	P{R15B01-p65.AD}	P{R26F01-GAL4.DBD}	female organism|adult brain
Janelia-1845425462591881314-Brain-20x_nrs_jacs_jacsData_filestore_asoy_Alignment_848_098_1900445759438848098_align_AlignedFlyBrain_8bitc_J18U_SG	JRC_MB296B_Brain_2020__9	P{R15B01-p65.AD}	P{R26F01-GAL4.DBD}	female organism|adult brain
Janelia-1845425462591881314-Brain-63x_nrs_jacs_jacsData_filestore_asoy_Alignment_581_922_2624117805980581922_align_REG_JRC2018_FEMALE_63x_DS_8bitc_J18U_SG	JRC_MB296B_Brain_2020__10	P{R15B01-p65.AD}	P{R26F01-GAL4.DBD}	female organism|adult brain
Janelia-1845425462751264866-Brain-20x_nrs_jacs_jacsData_filestore_asoy_Alignment_668_770_1900445440432668770_align_AlignedFlyBrain_8bitc_J18U_SG	JRC_MB296B_Brain_2020__11	P{R15B01-p65.AD}	P{R26F01-GAL4.DBD}	female organism|adult brain
Janelia-1845425462751264866-Brain-63x_nrs_jacs_jacsData_filestore_asoy_Alignment_363_234_2624118179181363234_align_REG_JRC2018_FEMALE_63x_DS_8bitc_J18U_SG	JRC_MB296B_Brain_2020__12	P{R15B01-p65.AD}	P{R26F01-GAL4.DBD}	female organism|adult brain
Janelia-1845425462872899682-Brain-20x_nrs_jacs_jacsData_filestore_asoy_Alignment_606_754_1900445440625606754_align_AlignedFlyBrain_8bitc_J18U_SG	JRC_MB296B_Brain_2020__13	P{R15B01-p65.AD}	P{R26F01-GAL4.DBD}	female organism|adult brain
Janelia-1845425462872899682-Brain-63x_nrs_jacs_jacsData_filestore_asoy_Alignment_072_290_2624117750687072290_align_REG_JRC2018_FEMALE_63x_DS_8bitc_J18U_SG	JRC_MB296B_Brain_2020__14	P{R15B01-p65.AD}	P{R26F01-GAL4.DBD}	female organism|adult brain
Janelia-1845425467272724578-Brain-20x_nrs_jacs_jacsData_filestore_asoy_Alignment_367_175_1909884336543367175_align_AlignedFlyBrain_8bitc_J18U_SG	JRC_MB549B_Brain_2020__1	P{R71D08-p65.AD}	P{R49C12-GAL4.DBD}	female organism|adult brain
Janelia-1845425470741413986-Brain-20x_nrs_jacs_jacsData_filestore_asoy_Alignment_983_879_1909913662491983879_align_AlignedFlyBrain_8bitc_J18U_SG	JRC_MB085C_Brain_2020__1	PBac{R52H01-p65.AD}	P{R52B07-GAL4.DBD}	female organism|adult brain
Janelia-1845425470741413986-Brain-63x_nrs_jacs_jacsData_filestore_asoy_Alignment_848_354_2624112759217848354_align_REG_JRC2018_FEMALE_63x_DS_8bitc_J18U_SG	JRC_MB085C_Brain_2020__2	PBac{R52H01-p65.AD}	P{R52B07-GAL4.DBD}	female organism|adult brain
Janelia-1845425475074130018-Brain-20x_nrs_jacs_jacsData_filestore_asoy_Alignment_210_146_1900580410174210146_align_AlignedFlyBrain_8bitc_J18U_SG	JRC_MB110C_Brain_2020__1	PBac{R20A02-p65.AD}	P{R94B10-GAL4.DBD}	female organism|adult brain
Janelia-1845425475074130018-Brain-63x_nrs_jacs_jacsData_filestore_asoy_Alignment_180_642_1900666267363180642_align_Aligned63xScale_8bitc_J18U_SG	JRC_MB110C_Brain_2020__2	PBac{R20A02-p65.AD}	P{R94B10-GAL4.DBD}	female organism|adult brain
Janelia-1845425483932500066-Brain-20x_nrs_jacs_jacsData_filestore_asoy_Alignment_978_402_1900618628730978402_align_AlignedFlyBrain_8bitc_J18U_SG	JRC_MB025B_Brain_2020__3	P{R24E12-p65.AD}	P{R52H01-GAL4.DBD}	female organism|adult brain
Janelia-1845425483932500066-Brain-63x_nrs_jacs_jacsData_filestore_asoy_Alignment_493_346_2624116469700493346_align_REG_JRC2018_FEMALE_63x_DS_8bitc_J18U_SG	JRC_MB025B_Brain_2020__4	P{R24E12-p65.AD}	P{R52H01-GAL4.DBD}	female organism|adult brain
Janelia-1845425484100272226-Brain-20x_nrs_jacs_jacsData_filestore_asoy_Alignment_196_450_1900619946212196450_align_AlignedFlyBrain_8bitc_J18U_SG	JRC_MB025B_Brain_2020__5	P{R24E12-p65.AD}	P{R52H01-GAL4.DBD}	female organism|adult brain
Janelia-1845425484100272226-Brain-63x_nrs_jacs_jacsData_filestore_asoy_Alignment_470_178_2624118860382470178_align_REG_JRC2018_FEMALE_63x_DS_8bitc_J18U_SG	JRC_MB025B_Brain_2020__6	P{R24E12-p65.AD}	P{R52H01-GAL4.DBD}	female organism|adult brain
Janelia-1845425484284821602-Brain-20x_nrs_jacs_jacsData_filestore_asoy_Alignment_413_858_1900618628999413858_align_AlignedFlyBrain_8bitc_J18U_SG	JRC_MB025B_Brain_2020__7	P{R24E12-p65.AD}	P{R52H01-GAL4.DBD}	female organism|adult brain
Janelia-1845425484284821602-Brain-63x_nrs_jacs_jacsData_filestore_asoy_Alignment_758_308_2624118352376758308_align_REG_JRC2018_FEMALE_63x_DS_8bitc_J18U_SG	JRC_MB025B_Brain_2020__8	P{R24E12-p65.AD}	P{R52H01-GAL4.DBD}	female organism|adult brain
Janelia-1846510768082649186-Brain-20x_nrs_jacs_jacsData_filestore_asoy_Alignment_738_914_2624200473711738914_align_REG_JRC2018_FEMALE_40x_8bitc_J18U_SG	JRC_MB082C_Brain_2020__1	PBac{R40B08-p65.AD}	P{R23C06-GAL4.DBD}	female organism|adult brain
Janelia-1846510768082649186-Brain-63x_nrs_jacs_jacsData_filestore_asoy_Alignment_986_018_2624249342914986018_align_REG_JRC2018_FEMALE_63x_DS_8bitc_J18U_SG	JRC_MB082C_Brain_2020__2	PBac{R40B08-p65.AD}	P{R23C06-GAL4.DBD}	female organism|adult brain
Janelia-1846510768485302370-Brain-20x_nrs_jacs_jacsData_filestore_asoy_Alignment_550_245_2624183341267550245_align_REG_JRC2018_FEMALE_40x_8bitc_J18U_SG	JRC_MB082C_Brain_2020__3	PBac{R40B08-p65.AD}	P{R23C06-GAL4.DBD}	female organism|adult brain
Janelia-1846510768485302370-Brain-63x_nrs_jacs_jacsData_filestore_asoy_Alignment_530_021_2624254841647530021_align_REG_JRC2018_FEMALE_63x_DS_8bitc_J18U_SG	JRC_MB082C_Brain_2020__4	PBac{R40B08-p65.AD}	P{R23C06-GAL4.DBD}	female organism|adult brain
Janelia-1846510768665657442-Brain-63x_nrs_jacs_jacsData_filestore_asoy_Alignment_383_206_2624246335477383206_align_REG_JRC2018_FEMALE_63x_DS_8bitc_J18U_SG	JRC_MB018B_Brain_2020__7	P{R20G03-p65.AD}	P{R19F09-GAL4.DBD}	female organism|adult brain
Janelia-1846510768875372642-Brain-63x_nrs_jacs_jacsData_filestore_asoy_Alignment_052_322_2624248330519052322_align_REG_JRC2018_FEMALE_63x_DS_8bitc_J18U_SG	JRC_MB018B_Brain_2020__8	P{R20G03-p65.AD}	P{R19F09-GAL4.DBD}	female organism|adult brain
Janelia-1846510860869042274-Brain-20x_nrs_jacs_jacsData_filestore_asoy_Alignment_339_938_1903179686834339938_align_AlignedFlyBrain_8bitc_J18U_SG	JRC_MB113C_Brain_2020__1	PBac{Tdc2-p65.AD}	P{R95A10-GAL4.DBD}	female organism|adult brain
Janelia-1846510860869042274-Brain-63x_nrs_jacs_jacsData_filestore_asoy_Alignment_555_365_2624129183491555365_align_REG_JRC2018_FEMALE_63x_DS_8bitc_J18U_SG	JRC_MB113C_Brain_2020__2	PBac{Tdc2-p65.AD}	P{R95A10-GAL4.DBD}	female organism|adult brain
Janelia-1846510861401718882-Brain-20x_nrs_jacs_jacsData_filestore_asoy_Alignment_587_746_1903177950610587746_align_AlignedFlyBrain_8bitc_J18U_SG	JRC_MB113C_Brain_2020__3	PBac{Tdc2-p65.AD}	P{R95A10-GAL4.DBD}	female organism|adult brain
Janelia-1846510862081196130-Brain-20x_nrs_jacs_jacsData_filestore_asoy_Alignment_949_730_1903177949754949730_align_AlignedFlyBrain_8bitc_J18U_SG	JRC_MB465C_Brain_2020__2	PBac{R37D04-p65.AD}	P{R51B02-GAL4.DBD}	female organism|adult brain
Janelia-1846510862081196130-Brain-63x_nrs_jacs_jacsData_filestore_asoy_Alignment_399_270_2624127104274399270_align_REG_JRC2018_FEMALE_63x_DS_8bitc_J18U_SG	JRC_MB465C_Brain_2020__3	PBac{R37D04-p65.AD}	P{R51B02-GAL4.DBD}	female organism|adult brain
Janelia-1846510862307688546-Brain-63x_nrs_jacs_jacsData_filestore_asoy_Alignment_700_645_2624135141269700645_align_REG_JRC2018_FEMALE_63x_DS_8bitc_J18U_SG	JRC_MB013B_Brain_2020__5	P{R14F05-p65.AD}	P{R14B03-GAL4.DBD}	female organism|adult brain
Janelia-1846510862483849314-Brain-20x_nrs_jacs_jacsData_filestore_asoy_Alignment_377_826_1903177797602377826_align_AlignedFlyBrain_8bitc_J18U_SG	JRC_MB013B_Brain_2020__6	P{R14F05-p65.AD}	P{R14B03-GAL4.DBD}	female organism|adult brain
Janelia-1846510862483849314-Brain-63x_nrs_jacs_jacsData_filestore_asoy_Alignment_023_141_2624134571679023141_align_REG_JRC2018_FEMALE_63x_DS_8bitc_J18U_SG	JRC_MB013B_Brain_2020__7	P{R14F05-p65.AD}	P{R14B03-GAL4.DBD}	female organism|adult brain
Janelia-1846510864035741794-Brain-20x_nrs_jacs_jacsData_filestore_asoy_Alignment_012_322_1903180936825012322_align_AlignedFlyBrain_8bitc_J18U_SG	JRC_MB242A_Brain_2020__1	P{R64F07-p65.AD}	P{R57C10-GAL4.DBD}	female organism|adult brain
Janelia-1846510864035741794-Brain-63x_nrs_jacs_jacsData_filestore_asoy_Alignment_653_477_2624123731118653477_align_REG_JRC2018_FEMALE_63x_DS_8bitc_J18U_SG	JRC_MB242A_Brain_2020__2	P{R64F07-p65.AD}	P{R57C10-GAL4.DBD}	female organism|adult brain
Janelia-1846510864182542434-Brain-20x_nrs_jacs_jacsData_filestore_asoy_Alignment_055_266_1903181079058055266_align_AlignedFlyBrain_8bitc_J18U_SG	JRC_MB242A_Brain_2020__3	P{R64F07-p65.AD}	P{R57C10-GAL4.DBD}	female organism|adult brain
Janelia-1846510864182542434-Brain-63x_nrs_jacs_jacsData_filestore_asoy_Alignment_079_974_2624124987623079974_align_REG_JRC2018_FEMALE_63x_DS_8bitc_J18U_SG	JRC_MB242A_Brain_2020__4	P{R64F07-p65.AD}	P{R57C10-GAL4.DBD}	female organism|adult brain
Janelia-1846510864534863970-Brain-20x_nrs_jacs_jacsData_filestore_asoy_Alignment_725_474_1903178063466725474_align_AlignedFlyBrain_8bitc_J18U_SG	JRC_MB242A_Brain_2020__5	P{R64F07-p65.AD}	P{R57C10-GAL4.DBD}	female organism|adult brain
Janelia-1846510864534863970-Brain-63x_nrs_jacs_jacsData_filestore_asoy_Alignment_358_181_2624125388292358181_align_REG_JRC2018_FEMALE_63x_DS_8bitc_J18U_SG	JRC_MB242A_Brain_2020__6	P{R64F07-p65.AD}	P{R57C10-GAL4.DBD}	female organism|adult brain
Janelia-1846510875016429666-Brain-20x_nrs_jacs_jacsData_filestore_asoy_Alignment_082_402_2443603229297082402_align_AlignedFlyBrain_8bitc_J18U_SG	JRC_MB549C_Brain_2020__1	PBac{R71D08-p65.AD}	P{R49C12-GAL4.DBD}	female organism|adult brain
Janelia-1846510875016429666-Brain-63x_nrs_jacs_jacsData_filestore_asoy_Alignment_017_510_2624127259191017510_align_REG_JRC2018_FEMALE_63x_DS_8bitc_J18U_SG	JRC_MB549C_Brain_2020__2	PBac{R71D08-p65.AD}	P{R49C12-GAL4.DBD}	female organism|adult brain
Janelia-1846510875360362594-Brain-20x_nrs_jacs_jacsData_filestore_asoy_Alignment_476_194_1903178799273476194_align_AlignedFlyBrain_8bitc_J18U_SG	JRC_MB549C_Brain_2020__3	PBac{R71D08-p65.AD}	P{R49C12-GAL4.DBD}	female organism|adult brain
Janelia-1846510875360362594-Brain-63x_nrs_jacs_jacsData_filestore_asoy_Alignment_120_805_2624125426905120805_align_REG_JRC2018_FEMALE_63x_DS_8bitc_J18U_SG	JRC_MB549C_Brain_2020__4	PBac{R71D08-p65.AD}	P{R49C12-GAL4.DBD}	female organism|adult brain
Janelia-1846510875481997410-Brain-20x_nrs_jacs_jacsData_filestore_asoy_Alignment_731_874_1903178327078731874_align_AlignedFlyBrain_8bitc_J18U_SG	JRC_MB549C_Brain_2020__5	PBac{R71D08-p65.AD}	P{R49C12-GAL4.DBD}	female organism|adult brain
Janelia-1846510875481997410-Brain-63x_nrs_jacs_jacsData_filestore_asoy_Alignment_114_214_2624126155464114214_align_REG_JRC2018_FEMALE_63x_DS_8bitc_J18U_SG	JRC_MB549C_Brain_2020__6	PBac{R71D08-p65.AD}	P{R49C12-GAL4.DBD}	female organism|adult brain
Janelia-1846510876039839842-Brain-20x_nrs_jacs_jacsData_filestore_asoy_Alignment_942_690_1903178328248942690_align_AlignedFlyBrain_8bitc_J18U_SG	JRC_MB050B_Brain_2020__1	P{R65B09-p65.AD}	P{R11F03-GAL4.DBD}	female organism|adult brain
Janelia-1846510876039839842-Brain-63x_nrs_jacs_jacsData_filestore_asoy_Alignment_621_606_2624126033296621606_align_REG_JRC2018_FEMALE_63x_DS_8bitc_J18U_SG	JRC_MB050B_Brain_2020__2	P{R65B09-p65.AD}	P{R11F03-GAL4.DBD}	female organism|adult brain
Janelia-1846510876283109474-Brain-20x_nrs_jacs_jacsData_filestore_asoy_Alignment_947_362_1903178149751947362_align_AlignedFlyBrain_8bitc_J18U_SG	JRC_MB050B_Brain_2020__3	P{R65B09-p65.AD}	P{R11F03-GAL4.DBD}	female organism|adult brain
Janelia-1846510876283109474-Brain-63x_nrs_jacs_jacsData_filestore_asoy_Alignment_290_149_2624125041075290149_align_REG_JRC2018_FEMALE_63x_DS_8bitc_J18U_SG	JRC_MB050B_Brain_2020__4	P{R65B09-p65.AD}	P{R11F03-GAL4.DBD}	female organism|adult brain
Janelia-1846510876526379106-Brain-20x_nrs_jacs_jacsData_filestore_asoy_Alignment_558_306_1903181207550558306_align_AlignedFlyBrain_8bitc_J18U_SG	JRC_MB080C_Brain_2020__1	PBac{R33E02-p65.AD}	P{R50A05-GAL4.DBD}	female organism|adult brain
Janelia-1846510876526379106-Brain-63x_nrs_jacs_jacsData_filestore_asoy_Alignment_662_822_2624125733420662822_align_REG_JRC2018_FEMALE_63x_DS_8bitc_J18U_SG	JRC_MB080C_Brain_2020__2	PBac{R33E02-p65.AD}	P{R50A05-GAL4.DBD}	female organism|adult brain
Janelia-1846510877000335458-Brain-20x_nrs_jacs_jacsData_filestore_asoy_Alignment_879_458_1903179260084879458_align_AlignedFlyBrain_8bitc_J18U_SG	JRC_MB080C_Brain_2020__3	PBac{R33E02-p65.AD}	P{R50A05-GAL4.DBD}	female organism|adult brain
Janelia-1846510877000335458-Brain-63x_nrs_jacs_jacsData_filestore_asoy_Alignment_338_150_2624125445301338150_align_REG_JRC2018_FEMALE_63x_DS_8bitc_J18U_SG	JRC_MB080C_Brain_2020__4	PBac{R33E02-p65.AD}	P{R50A05-GAL4.DBD}	female organism|adult brain
Janelia-1846510878766137442-Brain-20x_nrs_jacs_jacsData_filestore_asoy_Alignment_145_890_2531751329169145890_align_AlignedFlyBrain_8bitc_J18U_SG	JRC_MB543B_Brain_2020__3	P{R65B09-p65.AD}	P{R81E11-GAL4.DBD}	female organism|adult brain
Janelia-1846510878766137442-Brain-63x_nrs_jacs_jacsData_filestore_asoy_Alignment_912_806_2624125444730912806_align_REG_JRC2018_FEMALE_63x_DS_8bitc_J18U_SG	JRC_MB543B_Brain_2020__4	P{R65B09-p65.AD}	P{R81E11-GAL4.DBD}	female organism|adult brain
Janelia-1846510878870995042-Brain-20x_nrs_jacs_jacsData_filestore_asoy_Alignment_386_402_1903178742348386402_align_AlignedFlyBrain_8bitc_J18U_SG	JRC_MB543B_Brain_2020__5	P{R65B09-p65.AD}	P{R81E11-GAL4.DBD}	female organism|adult brain
Janelia-1846510878870995042-Brain-63x_nrs_jacs_jacsData_filestore_asoy_Alignment_597_862_2624125174571597862_align_REG_JRC2018_FEMALE_63x_DS_8bitc_J18U_SG	JRC_MB543B_Brain_2020__6	P{R65B09-p65.AD}	P{R81E11-GAL4.DBD}	female organism|adult brain
Janelia-1846510889612607586-Brain-20x_nrs_jacs_jacsData_filestore_asoy_Alignment_596_386_1903180292227596386_align_AlignedFlyBrain_8bitc_J18U_SG	JRC_MB042B_Brain_2020__7	P{R58E02-p65.AD}	P{R22E04-GAL4.DBD}	female organism|adult brain
Janelia-1846510889612607586-Brain-63x_nrs_jacs_jacsData_filestore_asoy_Alignment_454_117_2624125041985454117_align_REG_JRC2018_FEMALE_63x_DS_8bitc_J18U_SG	JRC_MB042B_Brain_2020__8	P{R58E02-p65.AD}	P{R22E04-GAL4.DBD}	female organism|adult brain
Janelia-1846510889830711394-Brain-20x_nrs_jacs_jacsData_filestore_asoy_Alignment_410_466_1903178735700410466_align_AlignedFlyBrain_8bitc_J18U_SG	JRC_MB042B_Brain_2020__9	P{R58E02-p65.AD}	P{R22E04-GAL4.DBD}	female organism|adult brain
Janelia-1846510889830711394-Brain-63x_nrs_jacs_jacsData_filestore_asoy_Alignment_448_229_2624125234621448229_align_REG_JRC2018_FEMALE_63x_DS_8bitc_J18U_SG	JRC_MB042B_Brain_2020__10	P{R58E02-p65.AD}	P{R22E04-GAL4.DBD}	female organism|adult brain
Janelia-1846510889990094946-Brain-20x_nrs_jacs_jacsData_filestore_asoy_Alignment_452_450_2531749879051452450_align_AlignedFlyBrain_8bitc_J18U_SG	JRC_MB042B_Brain_2020__11	P{R58E02-p65.AD}	P{R22E04-GAL4.DBD}	female organism|adult brain
Janelia-1846510889990094946-Brain-63x_nrs_jacs_jacsData_filestore_asoy_Alignment_319_078_2624125587727319078_align_REG_JRC2018_FEMALE_63x_DS_8bitc_J18U_SG	JRC_MB042B_Brain_2020__12	P{R58E02-p65.AD}	P{R22E04-GAL4.DBD}	female organism|adult brain
Janelia-1846510890094952546-Brain-20x_nrs_jacs_jacsData_filestore_asoy_Alignment_083_746_1903181079037083746_align_AlignedFlyBrain_8bitc_J18U_SG	JRC_MB196B_Brain_2020__1	P{R58E02-p65.AD}	P{R36B06-GAL4.DBD}	female organism|adult brain
Janelia-1846510890094952546-Brain-63x_nrs_jacs_jacsData_filestore_asoy_Alignment_141_158_2624147724299141158_align_REG_JRC2018_FEMALE_63x_DS_8bitc_J18U_SG	JRC_MB196B_Brain_2020__2	P{R58E02-p65.AD}	P{R36B06-GAL4.DBD}	female organism|adult brain
Janelia-1846510890271113314-Brain-20x_nrs_jacs_jacsData_filestore_asoy_Alignment_360_930_2531741954417360930_align_AlignedFlyBrain_8bitc_J18U_SG	JRC_MB196B_Brain_2020__3	P{R58E02-p65.AD}	P{R36B06-GAL4.DBD}	female organism|adult brain
Janelia-1846510890271113314-Brain-63x_nrs_jacs_jacsData_filestore_asoy_Alignment_773_606_2624147662273773606_align_REG_JRC2018_FEMALE_63x_DS_8bitc_J18U_SG	JRC_MB196B_Brain_2020__4	P{R58E02-p65.AD}	P{R36B06-GAL4.DBD}	female organism|adult brain
Janelia-1846510891390992482-Brain-20x_nrs_jacs_jacsData_filestore_asoy_Alignment_118_946_1903180431751118946_align_AlignedFlyBrain_8bitc_J18U_SG	JRC_MB188B_Brain_2020__3	P{R58E02-p65.AD}	P{R11A03-GAL4.DBD}	female organism|adult brain
Janelia-1846510891390992482-Brain-63x_nrs_jacs_jacsData_filestore_asoy_Alignment_221_733_2624119993528221733_align_REG_JRC2018_FEMALE_63x_DS_8bitc_J18U_SG	JRC_MB188B_Brain_2020__4	P{R58E02-p65.AD}	P{R11A03-GAL4.DBD}	female organism|adult brain
Janelia-1846510891554570338-Brain-20x_nrs_jacs_jacsData_filestore_asoy_Alignment_797_090_1903178589763797090_align_AlignedFlyBrain_8bitc_J18U_SG	JRC_MB188B_Brain_2020__5	P{R58E02-p65.AD}	P{R11A03-GAL4.DBD}	female organism|adult brain
Janelia-1846510891554570338-Brain-63x_nrs_jacs_jacsData_filestore_asoy_Alignment_255_205_2624119493957255205_align_REG_JRC2018_FEMALE_63x_DS_8bitc_J18U_SG	JRC_MB188B_Brain_2020__6	P{R58E02-p65.AD}	P{R11A03-GAL4.DBD}	female organism|adult brain
Janelia-1846510893400064098-Brain-20x_nrs_jacs_jacsData_filestore_asoy_Alignment_011_106_1903321722292011106_align_AlignedFlyBrain_8bitc_J18U_SG	JRC_MB316B_Brain_2020__3	P{R58E02-p65.AD}	P{R93G08-GAL4.DBD}	female organism|adult brain
Janelia-1846510893400064098-Brain-63x_nrs_jacs_jacsData_filestore_asoy_Alignment_942_821_2624119866637942821_align_REG_JRC2018_FEMALE_63x_DS_8bitc_J18U_SG	JRC_MB316B_Brain_2020__4	P{R58E02-p65.AD}	P{R93G08-GAL4.DBD}	female organism|adult brain
Janelia-1846510893534281826-Brain-63x_nrs_jacs_jacsData_filestore_asoy_Alignment_808_166_2624119738757808166_align_REG_JRC2018_FEMALE_63x_DS_8bitc_J18U_SG	JRC_MB316B_Brain_2020__5	P{R58E02-p65.AD}	P{R93G08-GAL4.DBD}	female organism|adult brain
Janelia-1846510893781745762-Brain-20x_nrs_jacs_jacsData_filestore_asoy_Alignment_680_482_1903325649393680482_align_AlignedFlyBrain_8bitc_J18U_SG	JRC_MB312B_Brain_2020__4	P{R58E02-p65.AD}	P{R10G03-GAL4.DBD}	female organism|adult brain
Janelia-1846510893781745762-Brain-63x_nrs_jacs_jacsData_filestore_asoy_Alignment_118_950_2624119201870118950_align_REG_JRC2018_FEMALE_63x_DS_8bitc_J18U_SG	JRC_MB312B_Brain_2020__5	P{R58E02-p65.AD}	P{R10G03-GAL4.DBD}	female organism|adult brain
Janelia-1846510893945323618-Brain-20x_nrs_jacs_jacsData_filestore_asoy_Alignment_370_658_1903326402770370658_align_AlignedFlyBrain_8bitc_J18U_SG	JRC_MB312B_Brain_2020__6	P{R58E02-p65.AD}	P{R10G03-GAL4.DBD}	female organism|adult brain
Janelia-1846510893945323618-Brain-63x_nrs_jacs_jacsData_filestore_asoy_Alignment_003_941_2624119493995003941_align_REG_JRC2018_FEMALE_63x_DS_8bitc_J18U_SG	JRC_MB312B_Brain_2020__7	P{R58E02-p65.AD}	P{R10G03-GAL4.DBD}	female organism|adult brain
Janelia-1846510894259896418-Brain-20x_nrs_jacs_jacsData_filestore_asoy_Alignment_240_290_1903325197151240290_align_AlignedFlyBrain_8bitc_J18U_SG	JRC_MB312B_Brain_2020__8	P{R58E02-p65.AD}	P{R10G03-GAL4.DBD}	female organism|adult brain
Janelia-1846510894259896418-Brain-63x_nrs_jacs_jacsData_filestore_asoy_Alignment_862_630_2624119202058862630_align_REG_JRC2018_FEMALE_63x_DS_8bitc_J18U_SG	JRC_MB312B_Brain_2020__9	P{R58E02-p65.AD}	P{R10G03-GAL4.DBD}	female organism|adult brain
Janelia-1846510894570274914-Brain-20x_nrs_jacs_jacsData_filestore_asoy_Alignment_495_394_1903327898077495394_align_AlignedFlyBrain_8bitc_J18U_SG	JRC_MB194B_Brain_2020__4	P{R58E02-p65.AD}	P{R29G04-GAL4.DBD}	female organism|adult brain
Janelia-1846510894570274914-Brain-63x_nrs_jacs_jacsData_filestore_asoy_Alignment_468_518_2624125733416468518_align_REG_JRC2018_FEMALE_63x_DS_8bitc_J18U_SG	JRC_MB194B_Brain_2020__5	P{R58E02-p65.AD}	P{R29G04-GAL4.DBD}	female organism|adult brain
Janelia-1846510894750629986-Brain-20x_nrs_jacs_jacsData_filestore_asoy_Alignment_549_602_1903329885766549602_align_AlignedFlyBrain_8bitc_J18U_SG	JRC_MB194B_Brain_2020__6	P{R58E02-p65.AD}	P{R29G04-GAL4.DBD}	female organism|adult brain
Janelia-1846510894750629986-Brain-63x_nrs_jacs_jacsData_filestore_asoy_Alignment_231_590_2624126318702231590_align_REG_JRC2018_FEMALE_63x_DS_8bitc_J18U_SG	JRC_MB194B_Brain_2020__7	P{R58E02-p65.AD}	P{R29G04-GAL4.DBD}	female organism|adult brain
Janelia-1846510895014871138-Brain-20x_nrs_jacs_jacsData_filestore_asoy_Alignment_076_066_1903329227957076066_align_AlignedFlyBrain_8bitc_J18U_SG	JRC_MB194B_Brain_2020__8	P{R58E02-p65.AD}	P{R29G04-GAL4.DBD}	female organism|adult brain
Janelia-1846510895014871138-Brain-63x_nrs_jacs_jacsData_filestore_asoy_Alignment_614_694_2624125444508614694_align_REG_JRC2018_FEMALE_63x_DS_8bitc_J18U_SG	JRC_MB194B_Brain_2020__9	P{R58E02-p65.AD}	P{R29G04-GAL4.DBD}	female organism|adult brain
Janelia-1846510895534964834-Brain-20x_nrs_jacs_jacsData_filestore_asoy_Alignment_048_610_1903330861370048610_align_AlignedFlyBrain_8bitc_J18U_SG	JRC_MB315C_Brain_2020__12	PBac{R58E02-p65.AD}	P{R48H11-GAL4.DBD}	female organism|adult brain
Janelia-1846510895534964834-Brain-63x_nrs_jacs_jacsData_filestore_asoy_Alignment_673_382_2624119201903673382_align_REG_JRC2018_FEMALE_63x_DS_8bitc_J18U_SG	JRC_MB315C_Brain_2020__13	PBac{R58E02-p65.AD}	P{R48H11-GAL4.DBD}	female organism|adult brain
Janelia-1846510895669182562-Brain-20x_nrs_jacs_jacsData_filestore_asoy_Alignment_443_874_1903330894362443874_align_AlignedFlyBrain_8bitc_J18U_SG	JRC_MB315C_Brain_2020__14	PBac{R58E02-p65.AD}	P{R48H11-GAL4.DBD}	female organism|adult brain
Janelia-1846510895669182562-Brain-63x_nrs_jacs_jacsData_filestore_asoy_Alignment_103_078_2624119738246103078_align_REG_JRC2018_FEMALE_63x_DS_8bitc_J18U_SG	JRC_MB315C_Brain_2020__15	PBac{R58E02-p65.AD}	P{R48H11-GAL4.DBD}	female organism|adult brain
Janelia-1846510896004726882-Brain-20x_nrs_jacs_jacsData_filestore_asoy_Alignment_063_202_1903335279222063202_align_AlignedFlyBrain_8bitc_J18U_SG	JRC_MB043B_Brain_2020__2	P{R58E02-p65.AD}	P{R32D11-GAL4.DBD}	female organism|adult brain
Janelia-1846510896004726882-Brain-63x_nrs_jacs_jacsData_filestore_asoy_Alignment_023_718_2624126155678023718_align_REG_JRC2018_FEMALE_63x_DS_8bitc_J18U_SG	JRC_MB043B_Brain_2020__3	P{R58E02-p65.AD}	P{R32D11-GAL4.DBD}	female organism|adult brain
Janelia-1846510896193470562-Brain-20x_nrs_jacs_jacsData_filestore_asoy_Alignment_628_642_1903333292107628642_align_AlignedFlyBrain_8bitc_J18U_SG	JRC_MB043B_Brain_2020__4	P{R58E02-p65.AD}	P{R32D11-GAL4.DBD}	female organism|adult brain
Janelia-1846510896193470562-Brain-63x_nrs_jacs_jacsData_filestore_asoy_Alignment_207_398_2624125306520207398_align_REG_JRC2018_FEMALE_63x_DS_8bitc_J18U_SG	JRC_MB043B_Brain_2020__5	P{R58E02-p65.AD}	P{R32D11-GAL4.DBD}	female organism|adult brain
Janelia-1846510896973611106-Brain-20x_nrs_jacs_jacsData_filestore_asoy_Alignment_285_794_1903334436368285794_align_AlignedFlyBrain_8bitc_J18U_SG	JRC_MB213B_Brain_2020__6	P{R76F05-p65.AD}	P{R32G08-GAL4.DBD}	female organism|adult brain
Janelia-1846510896973611106-Brain-63x_nrs_jacs_jacsData_filestore_asoy_Alignment_823_269_2624124940537823269_align_REG_JRC2018_FEMALE_63x_DS_8bitc_J18U_SG	JRC_MB213B_Brain_2020__7	P{R76F05-p65.AD}	P{R32G08-GAL4.DBD}	female organism|adult brain
Janelia-1846510897716002914-Brain-20x_nrs_jacs_jacsData_filestore_asoy_Alignment_168_994_1903334770025168994_align_AlignedFlyBrain_8bitc_J18U_SG	JRC_MB047B_Brain_2020__7	P{R58E02-p65.AD}	P{R93A09-GAL4.DBD}	female organism|adult brain
Janelia-1846510897716002914-Brain-63x_nrs_jacs_jacsData_filestore_asoy_Alignment_871_653_2624119493797871653_align_REG_JRC2018_FEMALE_63x_DS_8bitc_J18U_SG	JRC_MB047B_Brain_2020__8	P{R58E02-p65.AD}	P{R93A09-GAL4.DBD}	female organism|adult brain
Janelia-1846510897938301026-Brain-20x_nrs_jacs_jacsData_filestore_asoy_Alignment_372_386_1903336609743372386_align_AlignedFlyBrain_8bitc_J18U_SG	JRC_MB047B_Brain_2020__9	P{R58E02-p65.AD}	P{R93A09-GAL4.DBD}	female organism|adult brain
Janelia-1846510897938301026-Brain-63x_nrs_jacs_jacsData_filestore_asoy_Alignment_590_438_2624119738623590438_align_REG_JRC2018_FEMALE_63x_DS_8bitc_J18U_SG	JRC_MB047B_Brain_2020__10	P{R58E02-p65.AD}	P{R93A09-GAL4.DBD}	female organism|adult brain
Janelia-1846510898718441570-Brain-20x_nrs_jacs_jacsData_filestore_asoy_Alignment_511_138_1903340584215511138_align_AlignedFlyBrain_8bitc_J18U_SG	JRC_MB299B_Brain_2020__1	P{R58E02-p65.AD}	P{R37E10-GAL4.DBD}	female organism|adult brain
Janelia-1846510898718441570-Brain-63x_nrs_jacs_jacsData_filestore_asoy_Alignment_376_741_2624126165874376741_align_REG_JRC2018_FEMALE_63x_DS_8bitc_J18U_SG	JRC_MB299B_Brain_2020__2	P{R58E02-p65.AD}	P{R37E10-GAL4.DBD}	female organism|adult brain
Janelia-1846510899058180194-Brain-20x_nrs_jacs_jacsData_filestore_asoy_Alignment_597_090_1903339467536597090_align_AlignedFlyBrain_8bitc_J18U_SG	JRC_MB299B_Brain_2020__3	P{R58E02-p65.AD}	P{R37E10-GAL4.DBD}	female organism|adult brain
Janelia-1846510899058180194-Brain-63x_nrs_jacs_jacsData_filestore_asoy_Alignment_154_917_2624124940588154917_align_REG_JRC2018_FEMALE_63x_DS_8bitc_J18U_SG	JRC_MB299B_Brain_2020__4	P{R58E02-p65.AD}	P{R37E10-GAL4.DBD}	female organism|adult brain
Janelia-1846510899955761250-Brain-63x_nrs_jacs_jacsData_filestore_asoy_Alignment_796_456_2624119968068796456_align_REG_JRC2018_FEMALE_63x_DS_8bitc_J18U_SG	JRC_MB087C_Brain_2020__1	PBac{R61H03-p65.AD}	P{R28E09-GAL4.DBD}	female organism|adult brain
Janelia-1846510900517797986-Brain-63x_nrs_jacs_jacsData_filestore_asoy_Alignment_676_262_2624120047978676262_align_REG_JRC2018_FEMALE_63x_DS_8bitc_J18U_SG	JRC_MB025B_Brain_2020__9	P{R24E12-p65.AD}	P{R52H01-GAL4.DBD}	female organism|adult brain
Janelia-1846510900677181538-Brain-20x_nrs_jacs_jacsData_filestore_asoy_Alignment_559_266_1903344936359559266_align_AlignedFlyBrain_8bitc_J18U_SG	JRC_MB025B_Brain_2020__10	P{R24E12-p65.AD}	P{R52H01-GAL4.DBD}	female organism|adult brain
Janelia-1846510900677181538-Brain-63x_nrs_jacs_jacsData_filestore_asoy_Alignment_472_997_2624119993490472997_align_REG_JRC2018_FEMALE_63x_DS_8bitc_J18U_SG	JRC_MB025B_Brain_2020__11	P{R24E12-p65.AD}	P{R52H01-GAL4.DBD}	female organism|adult brain
Janelia-1846510901142749282-Brain-20x_nrs_jacs_jacsData_filestore_asoy_Alignment_447_202_1903347819142447202_align_AlignedFlyBrain_8bitc_J18U_SG	JRC_MB109B_Brain_2020__7	P{R76F05-p65.AD}	P{R23C12-GAL4.DBD}	female organism|adult brain
Janelia-1846510901142749282-Brain-63x_nrs_jacs_jacsData_filestore_asoy_Alignment_009_957_2624120234621009957_align_REG_JRC2018_FEMALE_63x_DS_8bitc_J18U_SG	JRC_MB109B_Brain_2020__8	P{R76F05-p65.AD}	P{R23C12-GAL4.DBD}	female organism|adult brain
Janelia-1846510901323104354-Brain-20x_nrs_jacs_jacsData_filestore_asoy_Alignment_443_554_1903345895479443554_align_AlignedFlyBrain_8bitc_J18U_SG	JRC_MB109B_Brain_2020__9	P{R76F05-p65.AD}	P{R23C12-GAL4.DBD}	female organism|adult brain
Janelia-1846510901323104354-Brain-63x_nrs_jacs_jacsData_filestore_asoy_Alignment_475_810_2625438031871475810_align_REG_JRC2018_FEMALE_63x_DS_8bitc_J18U_SG	JRC_MB109B_Brain_2020__10	P{R76F05-p65.AD}	P{R23C12-GAL4.DBD}	female organism|adult brain
Janelia-1846510902086467682-Brain-20x_nrs_jacs_jacsData_filestore_asoy_Alignment_891_298_1903346622083891298_align_AlignedFlyBrain_8bitc_J18U_SG	JRC_MB032B_Brain_2020__1	P{R30G08-p65.AD}	P{ple-GAL4.DBD}	female organism|adult brain
Janelia-1846510902086467682-Brain-63x_nrs_jacs_jacsData_filestore_asoy_Alignment_942_693_2624120113023942693_align_REG_JRC2018_FEMALE_63x_DS_8bitc_J18U_SG	JRC_MB032B_Brain_2020__2	P{R30G08-p65.AD}	P{ple-GAL4.DBD}	female organism|adult brain
Janelia-1846510913687912546-Brain-20x_nrs_jacs_jacsData_filestore_asoy_Alignment_594_786_1903439257364594786_align_AlignedFlyBrain_8bitc_J18U_SG	JRC_MB477B_Brain_2020__3	P{R44E04-p65.AD}	P{R26E07-GAL4.DBD}	female organism|adult brain
Janelia-1846510915755704418-Brain-20x_nrs_jacs_jacsData_filestore_asoy_Alignment_263_842_1900658225519263842_align_AlignedFlyBrain_8bitc_J18U_SG	JRC_MB062B_Brain_2020__1	P{R92E10-p65.AD}	P{R71D08-GAL4.DBD}	female organism|adult brain
Janelia-1846510915755704418-Brain-63x_nrs_jacs_jacsData_filestore_asoy_Alignment_994_276_2624117550601994276_align_REG_JRC2018_FEMALE_63x_DS_8bitc_J18U_SG	JRC_MB062B_Brain_2020__2	P{R92E10-p65.AD}	P{R71D08-GAL4.DBD}	female organism|adult brain
Janelia-1846510915936059490-Brain-20x_nrs_jacs_jacsData_filestore_asoy_Alignment_127_266_1900660155029127266_align_AlignedFlyBrain_8bitc_J18U_SG	JRC_MB062B_Brain_2020__3	P{R92E10-p65.AD}	P{R71D08-GAL4.DBD}	female organism|adult brain
Janelia-1846510915936059490-Brain-63x_nrs_jacs_jacsData_filestore_asoy_Alignment_237_730_2624117965582237730_align_REG_JRC2018_FEMALE_63x_DS_8bitc_J18U_SG	JRC_MB062B_Brain_2020__4	P{R92E10-p65.AD}	P{R71D08-GAL4.DBD}	female organism|adult brain
Janelia-1846510916229660770-Brain-20x_nrs_jacs_jacsData_filestore_asoy_Alignment_317_922_1900676909130317922_align_AlignedFlyBrain_8bitc_J18U_SG	JRC_MB062B_Brain_2020__5	P{R92E10-p65.AD}	P{R71D08-GAL4.DBD}	female organism|adult brain
Janelia-1846510916229660770-Brain-63x_nrs_jacs_jacsData_filestore_asoy_Alignment_202_788_2624117661344202788_align_REG_JRC2018_FEMALE_63x_DS_8bitc_J18U_SG	JRC_MB062B_Brain_2020__6	P{R92E10-p65.AD}	P{R71D08-GAL4.DBD}	female organism|adult brain
Janelia-1846510916363878498-Brain-20x_nrs_jacs_jacsData_filestore_asoy_Alignment_628_450_1900683156470628450_align_AlignedFlyBrain_8bitc_J18U_SG	JRC_MB080C_Brain_2020__5	PBac{R33E02-p65.AD}	P{R50A05-GAL4.DBD}	female organism|adult brain
Janelia-1846510916363878498-Brain-63x_nrs_jacs_jacsData_filestore_asoy_Alignment_731_938_2624117662132731938_align_REG_JRC2018_FEMALE_63x_DS_8bitc_J18U_SG	JRC_MB080C_Brain_2020__6	PBac{R33E02-p65.AD}	P{R50A05-GAL4.DBD}	female organism|adult brain
Janelia-1846510916548427874-Brain-20x_nrs_jacs_jacsData_filestore_asoy_Alignment_469_922_1900691853435469922_align_AlignedFlyBrain_8bitc_J18U_SG	JRC_MB080C_Brain_2020__7	PBac{R33E02-p65.AD}	P{R50A05-GAL4.DBD}	female organism|adult brain
Janelia-1846510916548427874-Brain-63x_nrs_jacs_jacsData_filestore_asoy_Alignment_412_452_2624116734260412452_align_REG_JRC2018_FEMALE_63x_DS_8bitc_J18U_SG	JRC_MB080C_Brain_2020__8	PBac{R33E02-p65.AD}	P{R50A05-GAL4.DBD}	female organism|adult brain
Janelia-1846510919018872930-Brain-20x_nrs_jacs_jacsData_filestore_asoy_Alignment_634_338_1900744895354634338_align_AlignedFlyBrain_8bitc_J18U_SG	JRC_MB056B_Brain_2020__1	P{R76F05-p65.AD}	P{R80G12-GAL4.DBD}	female organism|adult brain
Janelia-1846510919018872930-Brain-63x_nrs_jacs_jacsData_filestore_asoy_Alignment_429_282_2624109860773429282_align_REG_JRC2018_FEMALE_63x_DS_8bitc_J18U_SG	JRC_MB056B_Brain_2020__2	P{R76F05-p65.AD}	P{R80G12-GAL4.DBD}	female organism|adult brain
Janelia-1846510919643824226-Brain-20x_nrs_jacs_jacsData_filestore_asoy_Alignment_743_202_1900754791357743202_align_AlignedFlyBrain_8bitc_J18U_SG	JRC_MB056B_Brain_2020__3	P{R76F05-p65.AD}	P{R80G12-GAL4.DBD}	female organism|adult brain
Janelia-1846510919643824226-Brain-63x_nrs_jacs_jacsData_filestore_asoy_Alignment_996_452_2624112903287996452_align_REG_JRC2018_FEMALE_63x_DS_8bitc_J18U_SG	JRC_MB056B_Brain_2020__4	P{R76F05-p65.AD}	P{R80G12-GAL4.DBD}	female organism|adult brain
Janelia-1846510919832567906-Brain-20x_nrs_jacs_jacsData_filestore_asoy_Alignment_251_490_1900756614504251490_align_AlignedFlyBrain_8bitc_J18U_SG	JRC_MB056B_Brain_2020__5	P{R76F05-p65.AD}	P{R80G12-GAL4.DBD}	female organism|adult brain
Janelia-1846510919832567906-Brain-63x_nrs_jacs_jacsData_filestore_asoy_Alignment_565_732_2624111388913565732_align_REG_JRC2018_FEMALE_63x_DS_8bitc_J18U_SG	JRC_MB056B_Brain_2020__6	P{R76F05-p65.AD}	P{R80G12-GAL4.DBD}	female organism|adult brain
Janelia-1846510923158650978-Brain-20x_nrs_jacs_jacsData_filestore_asoy_Alignment_105_314_1900777285108105314_align_AlignedFlyBrain_8bitc_J18U_SG	JRC_MB312C_Brain_2020__1	PBac{R58E02-p65.AD}	P{R10G03-GAL4.DBD}	female organism|adult brain
Janelia-1846510923158650978-Brain-63x_nrs_jacs_jacsData_filestore_asoy_Alignment_509_092_2624112902910509092_align_REG_JRC2018_FEMALE_63x_DS_8bitc_J18U_SG	JRC_MB312C_Brain_2020__2	PBac{R58E02-p65.AD}	P{R10G03-GAL4.DBD}	female organism|adult brain
Janelia-1846510923393532002-Brain-20x_nrs_jacs_jacsData_filestore_asoy_Alignment_723_618_1900779053535723618_align_AlignedFlyBrain_8bitc_J18U_SG	JRC_MB312C_Brain_2020__3	PBac{R58E02-p65.AD}	P{R10G03-GAL4.DBD}	female organism|adult brain
Janelia-1846510923393532002-Brain-63x_nrs_jacs_jacsData_filestore_asoy_Alignment_961_252_2624111387885961252_align_REG_JRC2018_FEMALE_63x_DS_8bitc_J18U_SG	JRC_MB312C_Brain_2020__4	PBac{R58E02-p65.AD}	P{R10G03-GAL4.DBD}	female organism|adult brain
Janelia-1846510923599052898-Brain-20x_nrs_jacs_jacsData_filestore_asoy_Alignment_097_250_1900778651650097250_align_AlignedFlyBrain_8bitc_J18U_SG	JRC_MB312C_Brain_2020__5	PBac{R58E02-p65.AD}	P{R10G03-GAL4.DBD}	female organism|adult brain
Janelia-1846510923599052898-Brain-63x_nrs_jacs_jacsData_filestore_asoy_Alignment_586_276_2624112902264586276_align_REG_JRC2018_FEMALE_63x_DS_8bitc_J18U_SG	JRC_MB312C_Brain_2020__6	PBac{R58E02-p65.AD}	P{R10G03-GAL4.DBD}	female organism|adult brain
Janelia-1846510935615733858-Brain-20x_nrs_jacs_jacsData_filestore_asoy_Alignment_418_018_1903455047694418018_align_AlignedFlyBrain_8bitc_J18U_SG	JRC_MB607B_Brain_2020__1	P{R19B03-p65.AD}	P{R39A11-GAL4.DBD}	female organism|adult brain
Janelia-1846510935615733858-Brain-63x_nrs_jacs_jacsData_filestore_asoy_Alignment_954_597_2624126166037954597_align_REG_JRC2018_FEMALE_63x_DS_8bitc_J18U_SG	JRC_MB607B_Brain_2020__2	P{R19B03-p65.AD}	P{R39A11-GAL4.DBD}	female organism|adult brain
Janelia-1846510935825449058-Brain-20x_nrs_jacs_jacsData_filestore_asoy_Alignment_852_770_1903454207629852770_align_AlignedFlyBrain_8bitc_J18U_SG	JRC_MB607B_Brain_2020__3	P{R19B03-p65.AD}	P{R39A11-GAL4.DBD}	female organism|adult brain
Janelia-1846510935825449058-Brain-63x_nrs_jacs_jacsData_filestore_asoy_Alignment_599_846_2624126696772599846_align_REG_JRC2018_FEMALE_63x_DS_8bitc_J18U_SG	JRC_MB607B_Brain_2020__4	P{R19B03-p65.AD}	P{R39A11-GAL4.DBD}	female organism|adult brain
Janelia-1846510935993221218-Brain-20x_nrs_jacs_jacsData_filestore_asoy_Alignment_336_418_1903455651569336418_align_AlignedFlyBrain_8bitc_J18U_SG	JRC_MB607B_Brain_2020__5	P{R19B03-p65.AD}	P{R39A11-GAL4.DBD}	female organism|adult brain
Janelia-1846872789508685922-Brain-20x_nrs_jacs_jacsData_filestore_asoy_Alignment_836_517_2624187159522836517_align_REG_JRC2018_FEMALE_40x_8bitc_J18U_SG	JRC_MB433B_Brain_2020__1	P{R30E08-p65.AD}	P{R11C07-GAL4.DBD}	female organism|adult brain
Janelia-1846872791043801186-Brain-20x_nrs_jacs_jacsData_filestore_asoy_Alignment_224_741_2624182000449224741_align_REG_JRC2018_FEMALE_40x_8bitc_J18U_SG	JRC_MB002B_Brain_2020__3	P{R12C11-p65.AD}	P{R14C08-GAL4.DBD}	female organism|adult brain
Janelia-1846872791282876514-Brain-20x_nrs_jacs_jacsData_filestore_asoy_Alignment_739_813_2624181709649739813_align_REG_JRC2018_FEMALE_40x_8bitc_J18U_SG	JRC_MB002B_Brain_2020__4	P{R12C11-p65.AD}	P{R14C08-GAL4.DBD}	female organism|adult brain
Janelia-1848695829729116258-Brain-20x_nrs_jacs_jacsData_filestore_asoy_Alignment_659_938_1900951143018659938_align_AlignedFlyBrain_8bitc_J18U_SG	JRC_MB242A_Brain_2020__7	P{R64F07-p65.AD}	P{R57C10-GAL4.DBD}	female organism|adult brain
Janelia-1848695830257598562-Brain-20x_nrs_jacs_jacsData_filestore_asoy_Alignment_353_890_1900949641512353890_align_AlignedFlyBrain_8bitc_J18U_SG	JRC_MB242A_Brain_2020__8	P{R64F07-p65.AD}	P{R57C10-GAL4.DBD}	female organism|adult brain
Janelia-1849052530806358114-Brain-20x_nrs_jacs_jacsData_filestore_asoy_Alignment_307_618_1899015908643307618_align_AlignedFlyBrain_8bitc_J18U_SG	JRC_MB074C_Brain_2020__1	PBac{R21D02-p65.AD}	P{R12C11-GAL4.DBD}	female organism|adult brain
Janelia-1849052530806358114-Brain-63x_nrs_jacs_jacsData_filestore_asoy_Alignment_433_314_2624113142430433314_align_REG_JRC2018_FEMALE_63x_DS_8bitc_J18U_SG	JRC_MB074C_Brain_2020__2	PBac{R21D02-p65.AD}	P{R12C11-GAL4.DBD}	female organism|adult brain
Janelia-1849052532542799970-Brain-20x_nrs_jacs_jacsData_filestore_asoy_Alignment_340_514_1899043879089340514_align_AlignedFlyBrain_8bitc_J18U_SG	JRC_MB399B_Brain_2020__1	P{R21D02-p65.AD}	P{R22C12-GAL4.DBD}	female organism|adult brain
Janelia-1849052532542799970-Brain-63x_nrs_jacs_jacsData_filestore_asoy_Alignment_808_420_2624118983841808420_align_REG_JRC2018_FEMALE_63x_DS_8bitc_J18U_SG	JRC_MB399B_Brain_2020__2	P{R21D02-p65.AD}	P{R22C12-GAL4.DBD}	female organism|adult brain
Janelia-1850139673305808994-Brain-63x_nrs_jacs_jacsData_filestore_asoy_Alignment_571_877_2624205992849571877_align_REG_JRC2018_FEMALE_63x_DS_8bitc_J18U_SG	JRC_MB188B_Brain_2020__7	P{R58E02-p65.AD}	P{R11A03-GAL4.DBD}	female organism|adult brain
Janelia-1858872785657397346-Brain-20x_nrs_jacs_jacsData_filestore_asoy_Alignment_001_192_2625323215358001192_align_REG_JRC2018_FEMALE_40x_8bitc_J18U_SG	JRC_MB043B_Brain_2020__6	P{R58E02-p65.AD}	P{R32D11-GAL4.DBD}	female organism|adult brain
Janelia-1858872786001330274-Brain-20x_nrs_jacs_jacsData_filestore_asoy_Alignment_742_119_2625324613453742119_align_REG_JRC2018_FEMALE_40x_8bitc_J18U_SG	JRC_MB043B_Brain_2020__7	P{R58E02-p65.AD}	P{R32D11-GAL4.DBD}	female organism|adult brain
Janelia-1858872795379794018-Brain-20x_nrs_jacs_jacsData_filestore_asoy_Alignment_917_799_2625328055068917799_align_REG_JRC2018_FEMALE_40x_8bitc_J18U_SG	JRC_MB042B_Brain_2020__13	P{R58E02-p65.AD}	P{R22E04-GAL4.DBD}	female organism|adult brain
Janelia-1858872795627257954-Brain-20x_nrs_jacs_jacsData_filestore_asoy_Alignment_437_474_2625329511205437474_align_REG_JRC2018_FEMALE_40x_8bitc_J18U_SG	JRC_MB042B_Brain_2020__14	P{R58E02-p65.AD}	P{R22E04-GAL4.DBD}	female organism|adult brain
Janelia-1858872795870527586-Brain-20x_nrs_jacs_jacsData_filestore_asoy_Alignment_292_647_2625326197252292647_align_REG_JRC2018_FEMALE_40x_8bitc_J18U_SG	JRC_MB042B_Brain_2020__15	P{R58E02-p65.AD}	P{R22E04-GAL4.DBD}	female organism|adult brain
Janelia-1858872797544054882-Brain-20x_nrs_jacs_jacsData_filestore_asoy_Alignment_444_386_2625327216409444386_align_REG_JRC2018_FEMALE_40x_8bitc_J18U_SG	JRC_MB043B_Brain_2020__8	P{R58E02-p65.AD}	P{R32D11-GAL4.DBD}	female organism|adult brain
Janelia-1858872797812490338-Brain-20x_nrs_jacs_jacsData_filestore_asoy_Alignment_452_514_2625327463378452514_align_REG_JRC2018_FEMALE_40x_8bitc_J18U_SG	JRC_MB043B_Brain_2020__9	P{R58E02-p65.AD}	P{R32D11-GAL4.DBD}	female organism|adult brain
Janelia-1858872798806540386-Brain-20x_nrs_jacs_jacsData_filestore_asoy_Alignment_282_535_2625326197554282535_align_REG_JRC2018_FEMALE_40x_8bitc_J18U_SG	JRC_MB299B_Brain_2020__5	P{R58E02-p65.AD}	P{R37E10-GAL4.DBD}	female organism|adult brain
Janelia-1858872799007866978-Brain-20x_nrs_jacs_jacsData_filestore_asoy_Alignment_334_439_2625326197663334439_align_REG_JRC2018_FEMALE_40x_8bitc_J18U_SG	JRC_MB299B_Brain_2020__6	P{R58E02-p65.AD}	P{R37E10-GAL4.DBD}	female organism|adult brain
Janelia-1858872799213387874-Brain-20x_nrs_jacs_jacsData_filestore_asoy_Alignment_503_591_2641225968676503591_align_REG_JRC2018_FEMALE_40x_8bitc_J18U_SG	JRC_MB299B_Brain_2020__7	P{R58E02-p65.AD}	P{R37E10-GAL4.DBD}	female organism|adult brain
Janelia-1858872848387407970-Brain-20x_nrs_jacs_jacsData_filestore_asoy_Alignment_782_434_2625329511687782434_align_REG_JRC2018_FEMALE_40x_8bitc_J18U_SG	JRC_MB185B_Brain_2020__2	P{R52H09-p65.AD}	P{R18F09-GAL4.DBD}	female organism|adult brain
Janelia-1858872854506897506-Brain-20x_nrs_jacs_jacsData_filestore_asoy_Alignment_458_596_2625328506795458596_align_REG_JRC2018_FEMALE_40x_8bitc_J18U_SG	JRC_MB419B_Brain_2020__5	P{R26E07-p65.AD}	P{R39A11-GAL4.DBD}	female organism|adult brain
Janelia-1858872855257677922-Brain-20x_nrs_jacs_jacsData_filestore_asoy_Alignment_681_124_2625326181502681124_align_REG_JRC2018_FEMALE_40x_8bitc_J18U_SG	JRC_MB434B_Brain_2020__1	P{R30E08-p65.AD}	P{R53C10-GAL4.DBD}	female organism|adult brain
Janelia-1858872867656040546-Brain-20x_nrs_jacs_jacsData_filestore_asoy_Alignment_017_896_2625332120289017896_align_REG_JRC2018_FEMALE_40x_8bitc_J18U_SG	JRC_MB242A_Brain_2020__9	P{R64F07-p65.AD}	P{R57C10-GAL4.DBD}	female organism|adult brain
Janelia-1858872872659845218-Brain-20x_nrs_jacs_jacsData_filestore_asoy_Alignment_885_608_2625332120091885608_align_REG_JRC2018_FEMALE_40x_8bitc_J18U_SG	JRC_MB196B_Brain_2020__5	P{R58E02-p65.AD}	P{R36B06-GAL4.DBD}	female organism|adult brain
Janelia-1858872878863220834-Brain-20x_nrs_jacs_jacsData_filestore_asoy_Alignment_666_854_2625328979237666854_align_REG_JRC2018_FEMALE_40x_8bitc_J18U_SG	JRC_MB194B_Brain_2020__10	P{R58E02-p65.AD}	P{R29G04-GAL4.DBD}	female organism|adult brain
Janelia-1858872879488172130-Brain-20x_nrs_jacs_jacsData_filestore_asoy_Alignment_503_462_2625329868438503462_align_REG_JRC2018_FEMALE_40x_8bitc_J18U_SG	JRC_MB194B_Brain_2020__11	P{R58E02-p65.AD}	P{R29G04-GAL4.DBD}	female organism|adult brain
Janelia-1858872882059280482-Brain-20x_nrs_jacs_jacsData_filestore_asoy_Alignment_141_224_2625335670482141224_align_REG_JRC2018_FEMALE_40x_8bitc_J18U_SG	JRC_MB043B_Brain_2020__10	P{R58E02-p65.AD}	P{R32D11-GAL4.DBD}	female organism|adult brain
Janelia-1858872890884096098-Brain-20x_nrs_jacs_jacsData_filestore_asoy_Alignment_869_926_2625329370536869926_align_REG_JRC2018_FEMALE_40x_8bitc_J18U_SG	JRC_MB025B_Brain_2020__12	P{R24E12-p65.AD}	P{R52H01-GAL4.DBD}	female organism|adult brain
Janelia-1858872928242761826-Brain-20x_nrs_jacs_jacsData_filestore_asoy_Alignment_609_894_2625328717135609894_align_REG_JRC2018_FEMALE_40x_8bitc_J18U_SG	JRC_MB310C_Brain_2020__3	PBac{R52G04-p65.AD}	P{R17C11-GAL4.DBD}	female organism|adult brain
Janelia-1858872930360885346-Brain-20x_nrs_jacs_jacsData_filestore_asoy_Alignment_519_720_2641221859336519720_align_REG_JRC2018_FEMALE_40x_8bitc_J18U_SG	JRC_MB051B_Brain_2020__4	P{R70B10-p65.AD}	P{R19F09-GAL4.DBD}	female organism|adult brain
Janelia-1858872936757198946-Brain-20x_nrs_jacs_jacsData_filestore_asoy_Alignment_856_098_1898680647417856098_align_AlignedFlyBrain_8bitc_J18U_SG	JRC_MB504B_Brain_2020__1	P{R52H03-p65.AD}	P{ple-GAL4.DBD}	female organism|adult brain
Janelia-1858872939043094626-Brain-20x_nrs_jacs_jacsData_filestore_asoy_Alignment_460_450_1898686268783460450_align_AlignedFlyBrain_8bitc_J18U_SG	JRC_MB060B_Brain_2020__1	P{R82C10-p65.AD}	P{R72B05-GAL4.DBD}	female organism|adult brain
Janelia-1858872939185700962-Brain-20x_nrs_jacs_jacsData_filestore_asoy_Alignment_784_610_1898688591022784610_align_AlignedFlyBrain_8bitc_J18U_SG	JRC_MB060B_Brain_2020__2	P{R82C10-p65.AD}	P{R72B05-GAL4.DBD}	female organism|adult brain
Janelia-1858872939403804770-Brain-20x_nrs_jacs_jacsData_filestore_asoy_Alignment_040_482_1898688437377040482_align_AlignedFlyBrain_8bitc_J18U_SG	JRC_MB060B_Brain_2020__3	P{R82C10-p65.AD}	P{R72B05-GAL4.DBD}	female organism|adult brain
Janelia-1858872942344011874-Brain-20x_nrs_jacs_jacsData_filestore_asoy_Alignment_492_962_1898694072403492962_align_AlignedFlyBrain_8bitc_J18U_SG	JRC_MB065B_Brain_2020__1	P{ple-p65.AD}	P{R72B05-GAL4.DBD}	female organism|adult brain
Janelia-1858872942549532770-Brain-20x_nrs_jacs_jacsData_filestore_asoy_Alignment_152_418_1898694779412152418_align_AlignedFlyBrain_8bitc_J18U_SG	JRC_MB065B_Brain_2020__2	P{ple-p65.AD}	P{R72B05-GAL4.DBD}	female organism|adult brain
Janelia-1858872947880493154-Brain-20x_nrs_jacs_jacsData_filestore_asoy_Alignment_830_434_1898695805250830434_align_AlignedFlyBrain_8bitc_J18U_SG	JRC_MB304B_Brain_2020__1	P{R82C10-p65.AD}	P{R26F01-GAL4.DBD}	female organism|adult brain
Janelia-1858872948086014050-Brain-20x_nrs_jacs_jacsData_filestore_asoy_Alignment_865_442_1898697133175865442_align_AlignedFlyBrain_8bitc_J18U_SG	JRC_MB304B_Brain_2020__2	P{R82C10-p65.AD}	P{R26F01-GAL4.DBD}	female organism|adult brain
Janelia-1858872948299923554-Brain-20x_nrs_jacs_jacsData_filestore_asoy_Alignment_327_842_1898698451655327842_align_AlignedFlyBrain_8bitc_J18U_SG	JRC_MB304B_Brain_2020__3	P{R82C10-p65.AD}	P{R26F01-GAL4.DBD}	female organism|adult brain
Janelia-1858873084107292770-Brain-20x_nrs_jacs_jacsData_filestore_asoy_Alignment_902_242_1901092973936902242_align_AlignedFlyBrain_8bitc_J18U_SG	JRC_MB060B_Brain_2020__4	P{R82C10-p65.AD}	P{R72B05-GAL4.DBD}	female organism|adult brain
Janelia-1858873084459614306-Brain-20x_nrs_jacs_jacsData_filestore_asoy_Alignment_528_994_1901091653624528994_align_AlignedFlyBrain_8bitc_J18U_SG	JRC_MB060B_Brain_2020__5	P{R82C10-p65.AD}	P{R72B05-GAL4.DBD}	female organism|adult brain
Janelia-1858873084891627618-Brain-20x_nrs_jacs_jacsData_filestore_asoy_Alignment_697_826_1901092253338697826_align_AlignedFlyBrain_8bitc_J18U_SG	JRC_MB060B_Brain_2020__6	P{R82C10-p65.AD}	P{R72B05-GAL4.DBD}	female organism|adult brain
Janelia-1858873102448984162-Brain-20x_nrs_jacs_jacsData_filestore_asoy_Alignment_850_725_2625342211188850725_align_REG_JRC2018_FEMALE_20x_HR_8bitc_J18U_SG	JRC_MB549B_Brain_2020__2	P{R71D08-p65.AD}	P{R49C12-GAL4.DBD}	female organism|adult brain
Janelia-1858873135781118050-Brain-20x_nrs_jacs_jacsData_filestore_asoy_Alignment_232_482_2624363407184232482_align_REG_JRC2018_FEMALE_20x_HR_8bitc_J18U_SG	JRC_MB022B_Brain_2020__1	P{R24E06-p65.AD}	P{Tdc2-GAL4.DBD}	female organism|adult brain
Janelia-1858873135781118050-Brain-63x_nrs_jacs_jacsData_filestore_asoy_Alignment_629_154_2624402083146629154_align_REG_JRC2018_FEMALE_63x_DS_8bitc_J18U_SG	JRC_MB022B_Brain_2020__2	P{R24E06-p65.AD}	P{Tdc2-GAL4.DBD}	female organism|adult brain
Janelia-1858873156261904482-Brain-20x_nrs_jacs_jacsData_filestore_asoy_Alignment_446_498_1901259198457446498_align_AlignedFlyBrain_8bitc_J18U_SG	JRC_MB441B_Brain_2020__1	P{R30G08-p65.AD}	P{R48B03-GAL4.DBD}	female organism|adult brain
Janelia-1858873156261904482-Brain-63x_nrs_jacs_jacsData_filestore_asoy_Alignment_366_562_2624112756185366562_align_REG_JRC2018_FEMALE_63x_DS_8bitc_J18U_SG	JRC_MB441B_Brain_2020__2	P{R30G08-p65.AD}	P{R48B03-GAL4.DBD}	female organism|adult brain
Janelia-1858873156765220962-Brain-20x_nrs_jacs_jacsData_filestore_asoy_Alignment_657_378_1901260419922657378_align_AlignedFlyBrain_8bitc_J18U_SG	JRC_MB441B_Brain_2020__3	P{R30G08-p65.AD}	P{R48B03-GAL4.DBD}	female organism|adult brain
Janelia-1858873156765220962-Brain-63x_nrs_jacs_jacsData_filestore_asoy_Alignment_802_274_2624112394753802274_align_REG_JRC2018_FEMALE_63x_DS_8bitc_J18U_SG	JRC_MB441B_Brain_2020__4	P{R30G08-p65.AD}	P{R48B03-GAL4.DBD}	female organism|adult brain
Janelia-1858873157125931106-Brain-20x_nrs_jacs_jacsData_filestore_asoy_Alignment_215_138_1901263188960215138_align_AlignedFlyBrain_8bitc_J18U_SG	JRC_MB441B_Brain_2020__5	P{R30G08-p65.AD}	P{R48B03-GAL4.DBD}	female organism|adult brain
Janelia-1858873157327257698-Brain-20x_nrs_jacs_jacsData_filestore_asoy_Alignment_655_330_1901263051378655330_align_AlignedFlyBrain_8bitc_J18U_SG	JRC_MB441B_Brain_2020__6	P{R30G08-p65.AD}	P{R48B03-GAL4.DBD}	female organism|adult brain
Janelia-1858873224729722978-Brain-20x_nrs_jacs_jacsData_filestore_asoy_Alignment_772_066_2003476598354772066_align_AlignedFlyBrain_8bitc_J18U_SG	JRC_MB312C_Brain_2020__7	PBac{R58E02-p65.AD}	P{R10G03-GAL4.DBD}	female organism|adult brain
Janelia-1858873382750126178-Brain-20x_nrs_jacs_jacsData_filestore_asoy_Alignment_266_082_1903557125796266082_align_AlignedFlyBrain_8bitc_J18U_SG	JRC_MB043B_Brain_2020__11	P{R58E02-p65.AD}	P{R32D11-GAL4.DBD}	female organism|adult brain
Janelia-1858873383144390754-Brain-20x_nrs_jacs_jacsData_filestore_asoy_Alignment_346_018_1903566016395346018_align_AlignedFlyBrain_8bitc_J18U_SG	JRC_MB213B_Brain_2020__8	P{R76F05-p65.AD}	P{R32G08-GAL4.DBD}	female organism|adult brain
Janelia-1858873386243981410-Brain-20x_nrs_jacs_jacsData_filestore_asoy_Alignment_669_154_1903567426138669154_align_AlignedFlyBrain_8bitc_J18U_SG	JRC_MB047B_Brain_2020__11	P{R58E02-p65.AD}	P{R93A09-GAL4.DBD}	female organism|adult brain
Janelia-1858873388957696098-Brain-20x_nrs_jacs_jacsData_filestore_asoy_Alignment_700_642_1903569205454700642_align_AlignedFlyBrain_8bitc_J18U_SG	JRC_MB299B_Brain_2020__8	P{R58E02-p65.AD}	P{R37E10-GAL4.DBD}	female organism|adult brain
Janelia-1858873390790606946-Brain-20x_nrs_jacs_jacsData_filestore_asoy_Alignment_418_658_1903570011092418658_align_AlignedFlyBrain_8bitc_J18U_SG	JRC_MB299B_Brain_2020__9	P{R58E02-p65.AD}	P{R37E10-GAL4.DBD}	female organism|adult brain
Janelia-1858873394368348258-Brain-20x_nrs_jacs_jacsData_filestore_asoy_Alignment_362_594_1903576543968362594_align_AlignedFlyBrain_8bitc_J18U_SG	JRC_MB109B_Brain_2020__11	P{R76F05-p65.AD}	P{R23C12-GAL4.DBD}	female organism|adult brain
Janelia-1860306166811197538-Brain-20x_nrs_jacs_jacsData_filestore_asoy_Alignment_528_994_1903580841976528994_align_AlignedFlyBrain_8bitc_J18U_SG	JRC_MB010B_Brain_2020__1	P{R13F02-p65.AD}	P{R52H09-GAL4.DBD}	female organism|adult brain
Janelia-1860306166811197538-Brain-63x_nrs_jacs_jacsData_filestore_asoy_Alignment_826_664_2624125259820826664_align_REG_JRC2018_FEMALE_63x_DS_8bitc_J18U_SG	JRC_MB010B_Brain_2020__2	P{R13F02-p65.AD}	P{R52H09-GAL4.DBD}	female organism|adult brain
Janelia-1860306173111042146-Brain-20x_nrs_jacs_jacsData_filestore_asoy_Alignment_416_354_1903589781464416354_align_AlignedFlyBrain_8bitc_J18U_SG	JRC_MB417B_Brain_2020__1	P{R26E07-p65.AD}	P{R29G11-GAL4.DBD}	female organism|adult brain
Janelia-1860306174537105506-Brain-20x_nrs_jacs_jacsData_filestore_asoy_Alignment_017_186_1903591987597017186_align_AlignedFlyBrain_8bitc_J18U_SG	JRC_MB364B_Brain_2020__1	P{R13F02-p65.AD}	P{R21B06-GAL4.DBD}	female organism|adult brain
Janelia-1860668081437671522-Brain-20x_nrs_jacs_jacsData_filestore_asoy_Alignment_829_218_1899100569725829218_align_AlignedFlyBrain_8bitc_J18U_SG	JRC_MB026B_Brain_2020__1	P{R24H08-p65.AD}	P{R11F03-GAL4.DBD}	female organism|adult brain
Janelia-1860668523127242850-Brain-20x_nrs_jacs_jacsData_filestore_asoy_Alignment_670_114_1903622103043670114_align_AlignedFlyBrain_8bitc_J18U_SG	JRC_MB057B_Brain_2020__3	P{R80G12-p65.AD}	P{R53H03-GAL4.DBD}	female organism|adult brain
Janelia-1860668523127242850-Brain-63x_nrs_jacs_jacsData_filestore_asoy_Alignment_216_165_2624126484247216165_align_REG_JRC2018_FEMALE_63x_DS_8bitc_J18U_SG	JRC_MB057B_Brain_2020__4	P{R80G12-p65.AD}	P{R53H03-GAL4.DBD}	female organism|adult brain
Janelia-1860668524549111906-Brain-20x_nrs_jacs_jacsData_filestore_asoy_Alignment_808_738_1903624095677808738_align_AlignedFlyBrain_8bitc_J18U_SG	JRC_MB057B_Brain_2020__5	P{R80G12-p65.AD}	P{R53H03-GAL4.DBD}	female organism|adult brain
Janelia-1860668524549111906-Brain-63x_nrs_jacs_jacsData_filestore_asoy_Alignment_465_894_2624126032969465894_align_REG_JRC2018_FEMALE_63x_DS_8bitc_J18U_SG	JRC_MB057B_Brain_2020__6	P{R80G12-p65.AD}	P{R53H03-GAL4.DBD}	female organism|adult brain
Janelia-1860668528613392482-Brain-20x_nrs_jacs_jacsData_filestore_asoy_Alignment_460_578_1903625863933460578_align_AlignedFlyBrain_8bitc_J18U_SG	JRC_MB310C_Brain_2020__4	PBac{R52G04-p65.AD}	P{R17C11-GAL4.DBD}	female organism|adult brain
Janelia-1860668530895093858-Brain-20x_nrs_jacs_jacsData_filestore_asoy_Alignment_690_402_1903632956526690402_align_AlignedFlyBrain_8bitc_J18U_SG	JRC_MB399B_Brain_2020__3	P{R21D02-p65.AD}	P{R22C12-GAL4.DBD}	female organism|adult brain
Janelia-1860668530895093858-Brain-63x_nrs_jacs_jacsData_filestore_asoy_Alignment_901_477_2624125852387901477_align_REG_JRC2018_FEMALE_63x_DS_8bitc_J18U_SG	JRC_MB399B_Brain_2020__4	P{R21D02-p65.AD}	P{R22C12-GAL4.DBD}	female organism|adult brain
Janelia-1870576564228325474-Brain-20x_nrs_jacs_jacsData_filestore_asoy_Alignment_094_565_2269608940067094565_align_AlignedFlyBrain_8bitc_J18U_SG	JRC_MB112C_Brain_2020__1	PBac{R93D10-p65.AD}	P{R13F04-GAL4.DBD}	female organism|adult brain
Janelia-1870576564228325474-Brain-63x_nrs_jacs_jacsData_filestore_asoy_Alignment_727_528_2624124032529727528_align_REG_JRC2018_FEMALE_63x_DS_8bitc_J18U_SG	JRC_MB112C_Brain_2020__2	PBac{R93D10-p65.AD}	P{R13F04-GAL4.DBD}	female organism|adult brain
Janelia-1870576565193015394-Brain-20x_nrs_jacs_jacsData_filestore_asoy_Alignment_259_042_1903703190818259042_align_AlignedFlyBrain_8bitc_J18U_SG	JRC_MB112C_Brain_2020__3	PBac{R93D10-p65.AD}	P{R13F04-GAL4.DBD}	female organism|adult brain
Janelia-1870576565193015394-Brain-63x_nrs_jacs_jacsData_filestore_asoy_Alignment_380_773_2624125646443380773_align_REG_JRC2018_FEMALE_63x_DS_8bitc_J18U_SG	JRC_MB112C_Brain_2020__4	PBac{R93D10-p65.AD}	P{R13F04-GAL4.DBD}	female organism|adult brain
Janelia-1870576569282461794-Brain-20x_nrs_jacs_jacsData_filestore_asoy_Alignment_992_034_1903713835533992034_align_AlignedFlyBrain_8bitc_J18U_SG	JRC_MB083C_Brain_2020__3	PBac{R52G04-p65.AD}	P{R94B10-GAL4.DBD}	female organism|adult brain
Janelia-1870576569282461794-Brain-63x_nrs_jacs_jacsData_filestore_asoy_Alignment_849_765_2624125646539849765_align_REG_JRC2018_FEMALE_63x_DS_8bitc_J18U_SG	JRC_MB083C_Brain_2020__4	PBac{R52G04-p65.AD}	P{R94B10-GAL4.DBD}	female organism|adult brain
Janelia-1870576570444284002-Brain-20x_nrs_jacs_jacsData_filestore_asoy_Alignment_869_026_1903715928063869026_align_AlignedFlyBrain_8bitc_J18U_SG	JRC_MB083C_Brain_2020__5	PBac{R52G04-p65.AD}	P{R94B10-GAL4.DBD}	female organism|adult brain
Janelia-1870576570444284002-Brain-63x_nrs_jacs_jacsData_filestore_asoy_Alignment_699_493_2624125234583699493_align_REG_JRC2018_FEMALE_63x_DS_8bitc_J18U_SG	JRC_MB083C_Brain_2020__6	PBac{R52G04-p65.AD}	P{R94B10-GAL4.DBD}	female organism|adult brain
Janelia-1870576572407218274-Brain-20x_nrs_jacs_jacsData_filestore_asoy_Alignment_260_002_1903719135947260002_align_AlignedFlyBrain_8bitc_J18U_SG	JRC_MB298B_Brain_2020__4	P{R53C03-p65.AD}	P{R24E12-GAL4.DBD}	female organism|adult brain
Janelia-1870576572407218274-Brain-63x_nrs_jacs_jacsData_filestore_asoy_Alignment_127_014_2624125306432127014_align_REG_JRC2018_FEMALE_63x_DS_8bitc_J18U_SG	JRC_MB298B_Brain_2020__5	P{R53C03-p65.AD}	P{R24E12-GAL4.DBD}	female organism|adult brain
Janelia-1870576573615177826-Brain-20x_nrs_jacs_jacsData_filestore_asoy_Alignment_347_874_1903720614934347874_align_AlignedFlyBrain_8bitc_J18U_SG	JRC_MB298B_Brain_2020__6	P{R53C03-p65.AD}	P{R24E12-GAL4.DBD}	female organism|adult brain
Janelia-1870576573615177826-Brain-63x_nrs_jacs_jacsData_filestore_asoy_Alignment_860_709_2624125388216860709_align_REG_JRC2018_FEMALE_63x_DS_8bitc_J18U_SG	JRC_MB298B_Brain_2020__7	P{R53C03-p65.AD}	P{R24E12-GAL4.DBD}	female organism|adult brain
Janelia-1870576575498420322-Brain-20x_nrs_jacs_jacsData_filestore_asoy_Alignment_324_322_1903720730118324322_align_AlignedFlyBrain_8bitc_J18U_SG	JRC_MB433B_Brain_2020__2	P{R30E08-p65.AD}	P{R11C07-GAL4.DBD}	female organism|adult brain
Janelia-1870576578400878690-Brain-20x_nrs_jacs_jacsData_filestore_asoy_Alignment_925_538_1903724294244925538_align_AlignedFlyBrain_8bitc_J18U_SG	JRC_MB011B_Brain_2020__5	P{R14C08-p65.AD}	P{R15B01-GAL4.DBD}	female organism|adult brain
Janelia-1870576578958721122-Brain-20x_nrs_jacs_jacsData_filestore_asoy_Alignment_512_482_1903725282154512482_align_AlignedFlyBrain_8bitc_J18U_SG	JRC_MB011B_Brain_2020__6	P{R14C08-p65.AD}	P{R15B01-GAL4.DBD}	female organism|adult brain
Janelia-1870576578958721122-Brain-63x_nrs_jacs_jacsData_filestore_asoy_Alignment_643_880_2624120779796643880_align_REG_JRC2018_FEMALE_63x_DS_8bitc_J18U_SG	JRC_MB011B_Brain_2020__7	P{R14C08-p65.AD}	P{R15B01-GAL4.DBD}	female organism|adult brain
Janelia-1870576582096060514-Brain-20x_nrs_jacs_jacsData_filestore_asoy_Alignment_338_018_2624569763623338018_align_REG_JRC2018_FEMALE_20x_HR_8bitc_J18U_SG	JRC_MB210B_Brain_2020__3	P{R15B01-p65.AD}	P{R27G01-GAL4.DBD}	female organism|adult brain
Janelia-1870576584075772002-Brain-20x_nrs_jacs_jacsData_filestore_asoy_Alignment_179_490_1903733603557179490_align_AlignedFlyBrain_8bitc_J18U_SG	JRC_MB210B_Brain_2020__4	P{R15B01-p65.AD}	P{R27G01-GAL4.DBD}	female organism|adult brain
Janelia-1870576586122592354-Brain-20x_nrs_jacs_jacsData_filestore_asoy_Alignment_901_154_1903737905721901154_align_AlignedFlyBrain_8bitc_J18U_SG	JRC_MB002B_Brain_2020__5	P{R12C11-p65.AD}	P{R14C08-GAL4.DBD}	female organism|adult brain
Janelia-1870576587049533538-Brain-20x_nrs_jacs_jacsData_filestore_asoy_Alignment_654_370_1903737146569654370_align_AlignedFlyBrain_8bitc_J18U_SG	JRC_MB002B_Brain_2020__6	P{R12C11-p65.AD}	P{R14C08-GAL4.DBD}	female organism|adult brain
Janelia-1870576592237887586-Brain-20x_nrs_jacs_jacsData_filestore_asoy_Alignment_559_202_1903746434784559202_align_AlignedFlyBrain_8bitc_J18U_SG	JRC_MB077B_Brain_2020__1	P{R25D01-p65.AD}	P{R19F09-GAL4.DBD}	female organism|adult brain
Janelia-1870576592237887586-Brain-63x_nrs_jacs_jacsData_filestore_asoy_Alignment_920_936_2624120317747920936_align_REG_JRC2018_FEMALE_63x_DS_8bitc_J18U_SG	JRC_MB077B_Brain_2020__2	P{R25D01-p65.AD}	P{R19F09-GAL4.DBD}	female organism|adult brain
Janelia-1870576593378738274-Brain-20x_nrs_jacs_jacsData_filestore_asoy_Alignment_842_274_1903746582289842274_align_AlignedFlyBrain_8bitc_J18U_SG	JRC_MB077B_Brain_2020__3	P{R25D01-p65.AD}	P{R19F09-GAL4.DBD}	female organism|adult brain
Janelia-1870576593378738274-Brain-63x_nrs_jacs_jacsData_filestore_asoy_Alignment_893_864_2624119966818893864_align_REG_JRC2018_FEMALE_63x_DS_8bitc_J18U_SG	JRC_MB077B_Brain_2020__4	P{R25D01-p65.AD}	P{R19F09-GAL4.DBD}	female organism|adult brain
Janelia-1870576594444091490-Brain-20x_nrs_jacs_jacsData_filestore_asoy_Alignment_999_074_1903747863439999074_align_AlignedFlyBrain_8bitc_J18U_SG	JRC_MB077B_Brain_2020__5	P{R25D01-p65.AD}	P{R19F09-GAL4.DBD}	female organism|adult brain
Janelia-1870576594444091490-Brain-63x_nrs_jacs_jacsData_filestore_asoy_Alignment_104_167_2624119380669104167_align_REG_JRC2018_FEMALE_63x_DS_8bitc_J18U_SG	JRC_MB077B_Brain_2020__6	P{R25D01-p65.AD}	P{R19F09-GAL4.DBD}	female organism|adult brain
Janelia-1870576595253592162-Brain-20x_nrs_jacs_jacsData_filestore_asoy_Alignment_935_842_1903746501515935842_align_AlignedFlyBrain_8bitc_J18U_SG	JRC_MB077B_Brain_2020__7	P{R25D01-p65.AD}	P{R19F09-GAL4.DBD}	female organism|adult brain
Janelia-1870576595253592162-Brain-63x_nrs_jacs_jacsData_filestore_asoy_Alignment_647_528_2624120606307647528_align_REG_JRC2018_FEMALE_63x_DS_8bitc_J18U_SG	JRC_MB077B_Brain_2020__8	P{R25D01-p65.AD}	P{R19F09-GAL4.DBD}	female organism|adult brain
Janelia-1870576596008566882-Brain-20x_nrs_jacs_jacsData_filestore_asoy_Alignment_855_074_1903749993097855074_align_AlignedFlyBrain_8bitc_J18U_SG	JRC_MB077B_Brain_2020__9	P{R25D01-p65.AD}	P{R19F09-GAL4.DBD}	female organism|adult brain
Janelia-1870576596008566882-Brain-63x_nrs_jacs_jacsData_filestore_asoy_Alignment_147_815_2624119380195147815_align_REG_JRC2018_FEMALE_63x_DS_8bitc_J18U_SG	JRC_MB077B_Brain_2020__10	P{R25D01-p65.AD}	P{R19F09-GAL4.DBD}	female organism|adult brain
Janelia-1870576598487400546-Brain-20x_nrs_jacs_jacsData_filestore_asoy_Alignment_449_570_1903754270025449570_align_AlignedFlyBrain_8bitc_J18U_SG	JRC_MB051B_Brain_2020__5	P{R70B10-p65.AD}	P{R19F09-GAL4.DBD}	female organism|adult brain
Janelia-1870576598487400546-Brain-63x_nrs_jacs_jacsData_filestore_asoy_Alignment_413_352_2624120317974413352_align_REG_JRC2018_FEMALE_63x_DS_8bitc_J18U_SG	JRC_MB051B_Brain_2020__6	P{R70B10-p65.AD}	P{R19F09-GAL4.DBD}	female organism|adult brain
Janelia-1870576599909269602-Brain-20x_nrs_jacs_jacsData_filestore_asoy_Alignment_110_562_1903752282546110562_align_AlignedFlyBrain_8bitc_J18U_SG	JRC_MB051B_Brain_2020__7	P{R70B10-p65.AD}	P{R19F09-GAL4.DBD}	female organism|adult brain
Janelia-1870576599909269602-Brain-63x_nrs_jacs_jacsData_filestore_asoy_Alignment_533_608_2624120606391533608_align_REG_JRC2018_FEMALE_63x_DS_8bitc_J18U_SG	JRC_MB051B_Brain_2020__8	P{R70B10-p65.AD}	P{R19F09-GAL4.DBD}	female organism|adult brain
Janelia-1870576600492277858-Brain-20x_nrs_jacs_jacsData_filestore_asoy_Alignment_735_458_1903755550638735458_align_AlignedFlyBrain_8bitc_J18U_SG	JRC_MB082C_Brain_2020__5	PBac{R40B08-p65.AD}	P{R23C06-GAL4.DBD}	female organism|adult brain
Janelia-1870576600492277858-Brain-63x_nrs_jacs_jacsData_filestore_asoy_Alignment_605_096_2624121248002605096_align_REG_JRC2018_FEMALE_63x_DS_8bitc_J18U_SG	JRC_MB082C_Brain_2020__6	PBac{R40B08-p65.AD}	P{R23C06-GAL4.DBD}	female organism|adult brain
Janelia-1870576601771540578-Brain-20x_nrs_jacs_jacsData_filestore_asoy_Alignment_170_914_1903755944123170914_align_AlignedFlyBrain_8bitc_J18U_SG	JRC_MB082C_Brain_2020__7	PBac{R40B08-p65.AD}	P{R23C06-GAL4.DBD}	female organism|adult brain
Janelia-1870576601771540578-Brain-63x_nrs_jacs_jacsData_filestore_asoy_Alignment_728_295_2624120457061728295_align_REG_JRC2018_FEMALE_63x_DS_8bitc_J18U_SG	JRC_MB082C_Brain_2020__8	PBac{R40B08-p65.AD}	P{R23C06-GAL4.DBD}	female organism|adult brain
Janelia-1870576602509738082-Brain-20x_nrs_jacs_jacsData_filestore_asoy_Alignment_240_226_1903757563032240226_align_AlignedFlyBrain_8bitc_J18U_SG	JRC_MB082C_Brain_2020__9	PBac{R40B08-p65.AD}	P{R23C06-GAL4.DBD}	female organism|adult brain
Janelia-1870576602509738082-Brain-63x_nrs_jacs_jacsData_filestore_asoy_Alignment_867_175_2624127396411867175_align_REG_JRC2018_FEMALE_63x_DS_8bitc_J18U_SG	JRC_MB082C_Brain_2020__10	PBac{R40B08-p65.AD}	P{R23C06-GAL4.DBD}	female organism|adult brain
Janelia-1870576605408002146-Brain-20x_nrs_jacs_jacsData_filestore_asoy_Alignment_456_866_1903758576103456866_align_AlignedFlyBrain_8bitc_J18U_SG	JRC_MB018B_Brain_2020__9	P{R20G03-p65.AD}	P{R19F09-GAL4.DBD}	female organism|adult brain
Janelia-1870576605408002146-Brain-63x_nrs_jacs_jacsData_filestore_asoy_Alignment_651_623_2624121241635651623_align_REG_JRC2018_FEMALE_63x_DS_8bitc_J18U_SG	JRC_MB018B_Brain_2020__10	P{R20G03-p65.AD}	P{R19F09-GAL4.DBD}	female organism|adult brain
Janelia-1870576606523687010-Brain-20x_nrs_jacs_jacsData_filestore_asoy_Alignment_287_330_1903759102136287330_align_AlignedFlyBrain_8bitc_J18U_SG	JRC_MB018B_Brain_2020__11	P{R20G03-p65.AD}	P{R19F09-GAL4.DBD}	female organism|adult brain
Janelia-1870576606523687010-Brain-63x_nrs_jacs_jacsData_filestore_asoy_Alignment_223_143_2624119380434223143_align_REG_JRC2018_FEMALE_63x_DS_8bitc_J18U_SG	JRC_MB018B_Brain_2020__12	P{R20G03-p65.AD}	P{R19F09-GAL4.DBD}	female organism|adult brain
Janelia-1870576607568068706-Brain-20x_nrs_jacs_jacsData_filestore_asoy_Alignment_287_970_2620830434430287970_align_REG_JRC2018_FEMALE_20x_HR_8bitc_J18U_SG	JRC_MB018B_Brain_2020__13	P{R20G03-p65.AD}	P{R19F09-GAL4.DBD}	female organism|adult brain
Janelia-1870576607568068706-Brain-63x_nrs_jacs_jacsData_filestore_asoy_Alignment_939_496_2624119391393939496_align_REG_JRC2018_FEMALE_63x_DS_8bitc_J18U_SG	JRC_MB018B_Brain_2020__14	P{R20G03-p65.AD}	P{R19F09-GAL4.DBD}	female organism|adult brain
Janelia-1870576608331432034-Brain-20x_nrs_jacs_jacsData_filestore_asoy_Alignment_803_618_1903758535053803618_align_AlignedFlyBrain_8bitc_J18U_SG	JRC_MB018B_Brain_2020__15	P{R20G03-p65.AD}	P{R19F09-GAL4.DBD}	female organism|adult brain
Janelia-1870576608331432034-Brain-63x_nrs_jacs_jacsData_filestore_asoy_Alignment_706_471_2624118851666706471_align_REG_JRC2018_FEMALE_63x_DS_8bitc_J18U_SG	JRC_MB018B_Brain_2020__16	P{R20G03-p65.AD}	P{R19F09-GAL4.DBD}	female organism|adult brain
Janelia-1870576608931217506-Brain-20x_nrs_jacs_jacsData_filestore_asoy_Alignment_225_634_1903759895388225634_align_AlignedFlyBrain_8bitc_J18U_SG	JRC_MB018B_Brain_2020__17	P{R20G03-p65.AD}	P{R19F09-GAL4.DBD}	female organism|adult brain
Janelia-1870576608931217506-Brain-63x_nrs_jacs_jacsData_filestore_asoy_Alignment_461_607_2624118722100461607_align_REG_JRC2018_FEMALE_63x_DS_8bitc_J18U_SG	JRC_MB018B_Brain_2020__18	P{R20G03-p65.AD}	P{R19F09-GAL4.DBD}	female organism|adult brain
Janelia-1870576609581334626-Brain-63x_nrs_jacs_jacsData_filestore_asoy_Alignment_907_240_2624126364889907240_align_REG_JRC2018_FEMALE_63x_DS_8bitc_J18U_SG	JRC_MB093C_Brain_2020__1	PBac{R73H08-p65.AD}	P{R40B08-GAL4.DBD}	female organism|adult brain
Janelia-1870576613037441122-Brain-20x_nrs_jacs_jacsData_filestore_asoy_Alignment_020_322_1903767322020020322_align_AlignedFlyBrain_8bitc_J18U_SG	JRC_MB093C_Brain_2020__2	PBac{R73H08-p65.AD}	P{R40B08-GAL4.DBD}	female organism|adult brain
Janelia-1870576613037441122-Brain-63x_nrs_jacs_jacsData_filestore_asoy_Alignment_117_671_2624124221634117671_align_REG_JRC2018_FEMALE_63x_DS_8bitc_J18U_SG	JRC_MB093C_Brain_2020__3	PBac{R73H08-p65.AD}	P{R40B08-GAL4.DBD}	female organism|adult brain
Janelia-1870576656389767266-Brain-20x_nrs_jacs_jacsData_filestore_asoy_Alignment_783_906_1903791956513783906_align_AlignedFlyBrain_8bitc_J18U_SG	JRC_MB058B_Brain_2020__3	P{R82C10-p65.AD}	P{R50B03-GAL4.DBD}	female organism|adult brain
Janelia-1870576659300614242-Brain-20x_nrs_jacs_jacsData_filestore_asoy_Alignment_507_618_1903790415958507618_align_AlignedFlyBrain_8bitc_J18U_SG	JRC_MB058B_Brain_2020__4	P{R82C10-p65.AD}	P{R50B03-GAL4.DBD}	female organism|adult brain
Janelia-1870576659300614242-Brain-63x_nrs_jacs_jacsData_filestore_asoy_Alignment_150_119_2624126282975150119_align_REG_JRC2018_FEMALE_63x_DS_8bitc_J18U_SG	JRC_MB058B_Brain_2020__5	P{R82C10-p65.AD}	P{R50B03-GAL4.DBD}	female organism|adult brain
Janelia-1870576660382744674-Brain-20x_nrs_jacs_jacsData_filestore_asoy_Alignment_758_434_1903791048895758434_align_AlignedFlyBrain_8bitc_J18U_SG	JRC_MB058B_Brain_2020__6	P{R82C10-p65.AD}	P{R50B03-GAL4.DBD}	female organism|adult brain
Janelia-1870576660382744674-Brain-63x_nrs_jacs_jacsData_filestore_asoy_Alignment_962_023_2624125965889962023_align_REG_JRC2018_FEMALE_63x_DS_8bitc_J18U_SG	JRC_MB058B_Brain_2020__7	P{R82C10-p65.AD}	P{R50B03-GAL4.DBD}	female organism|adult brain
Janelia-1870576667701805154-Brain-20x_nrs_jacs_jacsData_filestore_asoy_Alignment_212_642_1903811281807212642_align_AlignedFlyBrain_8bitc_J18U_SG	JRC_MB438B_Brain_2020__1	P{R30E11-p65.AD}	P{R22B12-GAL4.DBD}	female organism|adult brain
Janelia-1870576667701805154-Brain-63x_nrs_jacs_jacsData_filestore_asoy_Alignment_509_479_2624125402024509479_align_REG_JRC2018_FEMALE_63x_DS_8bitc_J18U_SG	JRC_MB438B_Brain_2020__2	P{R30E11-p65.AD}	P{R22B12-GAL4.DBD}	female organism|adult brain
Janelia-1870576676065247330-Brain-20x_nrs_jacs_jacsData_filestore_asoy_Alignment_346_978_1903840238900346978_align_AlignedFlyBrain_8bitc_J18U_SG	JRC_MB060B_Brain_2020__7	P{R82C10-p65.AD}	P{R72B05-GAL4.DBD}	female organism|adult brain
Janelia-1870576676065247330-Brain-63x_nrs_jacs_jacsData_filestore_asoy_Alignment_646_759_2624126409999646759_align_REG_JRC2018_FEMALE_63x_DS_8bitc_J18U_SG	JRC_MB060B_Brain_2020__8	P{R82C10-p65.AD}	P{R72B05-GAL4.DBD}	female organism|adult brain
Janelia-1870576677621334114-Brain-20x_nrs_jacs_jacsData_filestore_asoy_Alignment_453_794_1903838872727453794_align_AlignedFlyBrain_8bitc_J18U_SG	JRC_MB060B_Brain_2020__9	P{R82C10-p65.AD}	P{R72B05-GAL4.DBD}	female organism|adult brain
Janelia-1870576677621334114-Brain-63x_nrs_jacs_jacsData_filestore_asoy_Alignment_477_223_2624125297632477223_align_REG_JRC2018_FEMALE_63x_DS_8bitc_J18U_SG	JRC_MB060B_Brain_2020__10	P{R82C10-p65.AD}	P{R72B05-GAL4.DBD}	female organism|adult brain
Janelia-1870576678787350626-Brain-20x_nrs_jacs_jacsData_filestore_asoy_Alignment_664_226_1903841579135664226_align_AlignedFlyBrain_8bitc_J18U_SG	JRC_MB060B_Brain_2020__11	P{R82C10-p65.AD}	P{R72B05-GAL4.DBD}	female organism|adult brain
Janelia-1870576678787350626-Brain-63x_nrs_jacs_jacsData_filestore_asoy_Alignment_184_295_2624125902841184295_align_REG_JRC2018_FEMALE_63x_DS_8bitc_J18U_SG	JRC_MB060B_Brain_2020__12	P{R82C10-p65.AD}	P{R72B05-GAL4.DBD}	female organism|adult brain
Janelia-1870576683090706530-Brain-20x_nrs_jacs_jacsData_filestore_asoy_Alignment_014_370_1903843561305014370_align_AlignedFlyBrain_8bitc_J18U_SG	JRC_MB060B_Brain_2020__13	P{R82C10-p65.AD}	P{R72B05-GAL4.DBD}	female organism|adult brain
Janelia-1870576683090706530-Brain-63x_nrs_jacs_jacsData_filestore_asoy_Alignment_740_903_2624126563976740903_align_REG_JRC2018_FEMALE_63x_DS_8bitc_J18U_SG	JRC_MB060B_Brain_2020__14	P{R82C10-p65.AD}	P{R72B05-GAL4.DBD}	female organism|adult brain
Janelia-1870576690749505634-Brain-20x_nrs_jacs_jacsData_filestore_asoy_Alignment_528_162_1903848290269528162_align_AlignedFlyBrain_8bitc_J18U_SG	JRC_MB296B_Brain_2020__15	P{R15B01-p65.AD}	P{R26F01-GAL4.DBD}	female organism|adult brain
Janelia-1870576690749505634-Brain-63x_nrs_jacs_jacsData_filestore_asoy_Alignment_760_103_2624128731068760103_align_REG_JRC2018_FEMALE_63x_DS_8bitc_J18U_SG	JRC_MB296B_Brain_2020__16	P{R15B01-p65.AD}	P{R26F01-GAL4.DBD}	female organism|adult brain
Janelia-1870576693484191842-Brain-20x_nrs_jacs_jacsData_filestore_asoy_Alignment_387_810_1903848149286387810_align_AlignedFlyBrain_8bitc_J18U_SG	JRC_MB296B_Brain_2020__17	P{R15B01-p65.AD}	P{R26F01-GAL4.DBD}	female organism|adult brain
Janelia-1870576693484191842-Brain-63x_nrs_jacs_jacsData_filestore_asoy_Alignment_245_416_2624129003606245416_align_REG_JRC2018_FEMALE_63x_DS_8bitc_J18U_SG	JRC_MB296B_Brain_2020__18	P{R15B01-p65.AD}	P{R26F01-GAL4.DBD}	female organism|adult brain
Janelia-1870576695589732450-Brain-20x_nrs_jacs_jacsData_filestore_asoy_Alignment_125_090_1903853063207125090_align_AlignedFlyBrain_8bitc_J18U_SG	JRC_MB065B_Brain_2020__3	P{ple-p65.AD}	P{R72B05-GAL4.DBD}	female organism|adult brain
Janelia-1870576695589732450-Brain-63x_nrs_jacs_jacsData_filestore_asoy_Alignment_676_904_2624130940208676904_align_REG_JRC2018_FEMALE_63x_DS_8bitc_J18U_SG	JRC_MB065B_Brain_2020__4	P{ple-p65.AD}	P{R72B05-GAL4.DBD}	female organism|adult brain
Janelia-1870576697053544546-Brain-20x_nrs_jacs_jacsData_filestore_asoy_Alignment_860_834_1903853462655860834_align_AlignedFlyBrain_8bitc_J18U_SG	JRC_MB065B_Brain_2020__5	P{ple-p65.AD}	P{R72B05-GAL4.DBD}	female organism|adult brain
Janelia-1870576697053544546-Brain-63x_nrs_jacs_jacsData_filestore_asoy_Alignment_366_568_2624128484825366568_align_REG_JRC2018_FEMALE_63x_DS_8bitc_J18U_SG	JRC_MB065B_Brain_2020__6	P{ple-p65.AD}	P{R72B05-GAL4.DBD}	female organism|adult brain
Janelia-1870576712023015522-Brain-20x_nrs_jacs_jacsData_filestore_asoy_Alignment_120_546_1903860531958120546_align_AlignedFlyBrain_8bitc_J18U_SG	JRC_MB304B_Brain_2020__4	P{R82C10-p65.AD}	P{R26F01-GAL4.DBD}	female organism|adult brain
Janelia-1870576713390358626-Brain-20x_nrs_jacs_jacsData_filestore_asoy_Alignment_314_018_1903860462303314018_align_AlignedFlyBrain_8bitc_J18U_SG	JRC_MB304B_Brain_2020__5	P{R82C10-p65.AD}	P{R26F01-GAL4.DBD}	female organism|adult brain
Janelia-1870576713390358626-Brain-63x_nrs_jacs_jacsData_filestore_asoy_Alignment_514_023_2624128943321514023_align_REG_JRC2018_FEMALE_63x_DS_8bitc_J18U_SG	JRC_MB304B_Brain_2020__6	P{R82C10-p65.AD}	P{R26F01-GAL4.DBD}	female organism|adult brain
Janelia-1870576720977854562-Brain-20x_nrs_jacs_jacsData_filestore_asoy_Alignment_306_914_1903863159446306914_align_AlignedFlyBrain_8bitc_J18U_SG	JRC_MB308B_Brain_2020__3	P{ple-p65.AD}	P{R26F01-GAL4.DBD}	female organism|adult brain
Janelia-1870576720977854562-Brain-63x_nrs_jacs_jacsData_filestore_asoy_Alignment_339_431_2624129403969339431_align_REG_JRC2018_FEMALE_63x_DS_8bitc_J18U_SG	JRC_MB308B_Brain_2020__4	P{ple-p65.AD}	P{R26F01-GAL4.DBD}	female organism|adult brain
Janelia-1870576731228733538-Brain-20x_nrs_jacs_jacsData_filestore_asoy_Alignment_512_482_1903865791338512482_align_AlignedFlyBrain_8bitc_J18U_SG	JRC_MB196B_Brain_2020__6	P{R58E02-p65.AD}	P{R36B06-GAL4.DBD}	female organism|adult brain
Janelia-1870576731388117090-Brain-20x_nrs_jacs_jacsData_filestore_asoy_Alignment_310_434_1903865722711310434_align_AlignedFlyBrain_8bitc_J18U_SG	JRC_MB196B_Brain_2020__7	P{R58E02-p65.AD}	P{R36B06-GAL4.DBD}	female organism|adult brain
Janelia-1872732376866488418-Brain-20x_nrs_jacs_jacsData_filestore_asoy_Alignment_664_866_1901480526917664866_align_AlignedFlyBrain_8bitc_J18U_SG	JRC_MB042B_Brain_2020__16	P{R58E02-p65.AD}	P{R22E04-GAL4.DBD}	female organism|adult brain
Janelia-1872732380322594914-Brain-20x_nrs_jacs_jacsData_filestore_asoy_Alignment_543_458_1901494121382543458_align_AlignedFlyBrain_8bitc_J18U_SG	JRC_MB043C_Brain_2020__1	PBac{R58E02-p65.AD}	P{R32D11-GAL4.DBD}	female organism|adult brain
Janelia-1872732380322594914-Brain-63x_nrs_jacs_jacsData_filestore_asoy_Alignment_778_532_2624115926940778532_align_REG_JRC2018_FEMALE_63x_DS_8bitc_J18U_SG	JRC_MB043C_Brain_2020__2	PBac{R58E02-p65.AD}	P{R32D11-GAL4.DBD}	female organism|adult brain
Janelia-1872732381249536098-Brain-20x_nrs_jacs_jacsData_filestore_asoy_Alignment_021_730_1901487170238021730_align_AlignedFlyBrain_8bitc_J18U_SG	JRC_MB043C_Brain_2020__3	PBac{R58E02-p65.AD}	P{R32D11-GAL4.DBD}	female organism|adult brain
Janelia-1872732381249536098-Brain-63x_nrs_jacs_jacsData_filestore_asoy_Alignment_549_796_2624116734306549796_align_REG_JRC2018_FEMALE_63x_DS_8bitc_J18U_SG	JRC_MB043C_Brain_2020__4	PBac{R58E02-p65.AD}	P{R32D11-GAL4.DBD}	female organism|adult brain
Janelia-1872732381991927906-Brain-20x_nrs_jacs_jacsData_filestore_asoy_Alignment_782_306_1901496262834782306_align_AlignedFlyBrain_8bitc_J18U_SG	JRC_MB043C_Brain_2020__5	PBac{R58E02-p65.AD}	P{R32D11-GAL4.DBD}	female organism|adult brain
Janelia-1872732381991927906-Brain-63x_nrs_jacs_jacsData_filestore_asoy_Alignment_289_762_2624117260553289762_align_REG_JRC2018_FEMALE_63x_DS_8bitc_J18U_SG	JRC_MB043C_Brain_2020__6	PBac{R58E02-p65.AD}	P{R32D11-GAL4.DBD}	female organism|adult brain
Janelia-1872732385150238818-Brain-20x_nrs_jacs_jacsData_filestore_asoy_Alignment_997_090_2531757488189997090_align_AlignedFlyBrain_8bitc_J18U_SG	JRC_MB045B_Brain_2020__1	P{R58E02-p65.AD}	P{R87B09-GAL4.DBD}	female organism|adult brain
Janelia-1872732385150238818-Brain-63x_nrs_jacs_jacsData_filestore_asoy_Alignment_946_594_2624118922474946594_align_REG_JRC2018_FEMALE_63x_DS_8bitc_J18U_SG	JRC_MB045B_Brain_2020__2	P{R58E02-p65.AD}	P{R87B09-GAL4.DBD}	female organism|adult brain
Janelia-1889255988414906466-Brain-20x_nrs_jacs_jacsData_filestore_asoy_Alignment_991_458_1901598950670991458_align_AlignedFlyBrain_8bitc_J18U_SG	JRC_MB063B_Brain_2020__1	P{R93D10-p65.AD}	P{R68C09-GAL4.DBD}	female organism|adult brain
Janelia-1889255990474309730-Brain-20x_nrs_jacs_jacsData_filestore_asoy_Alignment_128_802_1901601310013128802_align_AlignedFlyBrain_8bitc_J18U_SG	JRC_MB063B_Brain_2020__2	P{R93D10-p65.AD}	P{R68C09-GAL4.DBD}	female organism|adult brain
Janelia-1958722316129009762-Brain-20x_nrs_jacs_jacsData_filestore_asoy_Alignment_724_706_1958728117526724706_align_AlignedFlyBrain_8bitc_J18U_SG	JRC_MB112C_Brain_2020__5	PBac{R93D10-p65.AD}	P{R13F04-GAL4.DBD}	female organism|adult brain
Janelia-1958722327038394466-Brain-20x_nrs_jacs_jacsData_filestore_asoy_Alignment_675_682_1958728308132675682_align_AlignedFlyBrain_8bitc_J18U_SG	JRC_MB549C_Brain_2020__7	PBac{R71D08-p65.AD}	P{R49C12-GAL4.DBD}	female organism|adult brain
Janelia-1958722330683244642-Brain-20x_nrs_jacs_jacsData_filestore_asoy_Alignment_228_258_1958726932795228258_align_AlignedFlyBrain_8bitc_J18U_SG	JRC_MB549C_Brain_2020__8	PBac{R71D08-p65.AD}	P{R49C12-GAL4.DBD}	female organism|adult brain
Janelia-1958722334273568866-Brain-20x_nrs_jacs_jacsData_filestore_asoy_Alignment_093_602_1958727001523093602_align_AlignedFlyBrain_8bitc_J18U_SG	JRC_MB549C_Brain_2020__9	PBac{R71D08-p65.AD}	P{R49C12-GAL4.DBD}	female organism|adult brain
Janelia-1958722334273568866-Brain-63x_nrs_jacs_jacsData_filestore_asoy_Alignment_482_914_2624118298383482914_align_REG_JRC2018_FEMALE_63x_DS_8bitc_J18U_SG	JRC_MB549C_Brain_2020__10	PBac{R71D08-p65.AD}	P{R49C12-GAL4.DBD}	female organism|adult brain
Janelia-1994454116687937634-Brain-20x_nrs_jacs_jacsData_filestore_asoy_Alignment_181_218_1994459397090181218_align_AlignedFlyBrain_8bitc_J18U_SG	JRC_MB011B_Brain_2020__8	P{R14C08-p65.AD}	P{R15B01-GAL4.DBD}	female organism|adult brain
Janelia-1994454120475394146-Brain-20x_nrs_jacs_jacsData_filestore_asoy_Alignment_668_642_1994458868322668642_align_AlignedFlyBrain_8bitc_J18U_SG	JRC_MB051B_Brain_2020__9	P{R70B10-p65.AD}	P{R19F09-GAL4.DBD}	female organism|adult brain
Janelia-1994454120899018850-Brain-20x_nrs_jacs_jacsData_filestore_asoy_Alignment_648_610_1994456677075648610_align_AlignedFlyBrain_8bitc_J18U_SG	JRC_MB051B_Brain_2020__10	P{R70B10-p65.AD}	P{R19F09-GAL4.DBD}	female organism|adult brain
Janelia-1994454123226857570-Brain-20x_nrs_jacs_jacsData_filestore_asoy_Alignment_761_442_1994460376904761442_align_AlignedFlyBrain_8bitc_J18U_SG	JRC_MB077B_Brain_2020__11	P{R25D01-p65.AD}	P{R19F09-GAL4.DBD}	female organism|adult brain
Janelia-1994454134882828386-Brain-20x_nrs_jacs_jacsData_filestore_asoy_Alignment_774_436_2587039413724774436_align_REG_JRC2018_FEMALE_20x_HR_8bitc_J18U_SG	JRC_MB082C_Brain_2020__11	PBac{R40B08-p65.AD}	P{R23C06-GAL4.DBD}	female organism|adult brain
Janelia-1994454135457448034-Brain-20x_nrs_jacs_jacsData_filestore_asoy_Alignment_274_018_2223619673864274018_align_AlignedFlyBrain_8bitc_J18U_SG	JRC_MB082C_Brain_2020__12	PBac{R40B08-p65.AD}	P{R23C06-GAL4.DBD}	female organism|adult brain
Janelia-1994454135952375906-Brain-20x_nrs_jacs_jacsData_filestore_asoy_Alignment_493_922_1994458899964493922_align_AlignedFlyBrain_8bitc_J18U_SG	JRC_MB082C_Brain_2020__13	PBac{R40B08-p65.AD}	P{R23C06-GAL4.DBD}	female organism|adult brain
Janelia-1994454136602493026-Brain-20x_nrs_jacs_jacsData_filestore_asoy_Alignment_734_948_2587038713917734948_align_REG_JRC2018_FEMALE_20x_HR_8bitc_J18U_SG	JRC_MB082C_Brain_2020__14	PBac{R40B08-p65.AD}	P{R23C06-GAL4.DBD}	female organism|adult brain
Janelia-1994454138011779170-Brain-20x_nrs_jacs_jacsData_filestore_asoy_Alignment_486_882_1994459036346486882_align_AlignedFlyBrain_8bitc_J18U_SG	JRC_MB093C_Brain_2020__4	PBac{R73H08-p65.AD}	P{R40B08-GAL4.DBD}	female organism|adult brain
Janelia-1994454140431892578-Brain-20x_nrs_jacs_jacsData_filestore_asoy_Alignment_858_530_1994457545539858530_align_AlignedFlyBrain_8bitc_J18U_SG	JRC_MB077B_Brain_2020__12	P{R25D01-p65.AD}	P{R19F09-GAL4.DBD}	female organism|adult brain
Janelia-1994454143527288930-Brain-20x_nrs_jacs_jacsData_filestore_asoy_Alignment_586_850_1994460509872586850_align_AlignedFlyBrain_8bitc_J18U_SG	JRC_MB082C_Brain_2020__15	PBac{R40B08-p65.AD}	P{R23C06-GAL4.DBD}	female organism|adult brain
Janelia-1994454145234370658-Brain-20x_nrs_jacs_jacsData_filestore_asoy_Alignment_399_586_1994459738158399586_align_AlignedFlyBrain_8bitc_J18U_SG	JRC_MB082C_Brain_2020__16	PBac{R40B08-p65.AD}	P{R23C06-GAL4.DBD}	female organism|adult brain
Janelia-1994454146073231458-Brain-20x_nrs_jacs_jacsData_filestore_asoy_Alignment_084_194_1994460559726084194_align_AlignedFlyBrain_8bitc_J18U_SG	JRC_MB093C_Brain_2020__5	PBac{R73H08-p65.AD}	P{R40B08-GAL4.DBD}	female organism|adult brain
Janelia-1994454147004366946-Brain-20x_nrs_jacs_jacsData_filestore_asoy_Alignment_732_898_1994459549846732898_align_AlignedFlyBrain_8bitc_J18U_SG	JRC_MB093C_Brain_2020__6	PBac{R73H08-p65.AD}	P{R40B08-GAL4.DBD}	female organism|adult brain
Janelia-1994454147604152418-Brain-20x_nrs_jacs_jacsData_filestore_asoy_Alignment_550_370_1994460016538550370_align_AlignedFlyBrain_8bitc_J18U_SG	JRC_MB093C_Brain_2020__7	PBac{R73H08-p65.AD}	P{R40B08-GAL4.DBD}	female organism|adult brain
Janelia-1994454148099080290-Brain-20x_nrs_jacs_jacsData_filestore_asoy_Alignment_118_434_1994460285775118434_align_AlignedFlyBrain_8bitc_J18U_SG	JRC_MB093C_Brain_2020__8	PBac{R73H08-p65.AD}	P{R40B08-GAL4.DBD}	female organism|adult brain
Janelia-1994454148585619554-Brain-20x_nrs_jacs_jacsData_filestore_asoy_Alignment_290_338_1994457528129290338_align_AlignedFlyBrain_8bitc_J18U_SG	JRC_MB093C_Brain_2020__9	PBac{R73H08-p65.AD}	P{R40B08-GAL4.DBD}	female organism|adult brain
Janelia-1994454153300017250-Brain-20x_nrs_jacs_jacsData_filestore_asoy_Alignment_721_570_1994461399295721570_align_AlignedFlyBrain_8bitc_J18U_SG	JRC_MB310C_Brain_2020__5	PBac{R52G04-p65.AD}	P{R17C11-GAL4.DBD}	female organism|adult brain
Janelia-1994454157200719970-Brain-20x_nrs_jacs_jacsData_filestore_asoy_Alignment_254_242_1994470516949254242_align_AlignedFlyBrain_8bitc_J18U_SG	JRC_MB110C_Brain_2020__3	PBac{R20A02-p65.AD}	P{R94B10-GAL4.DBD}	female organism|adult brain
Janelia-1994454159276900450-Brain-20x_nrs_jacs_jacsData_filestore_asoy_Alignment_966_050_1994472884851966050_align_AlignedFlyBrain_8bitc_J18U_SG	JRC_MB242A_Brain_2020__10	P{R64F07-p65.AD}	P{R57C10-GAL4.DBD}	female organism|adult brain
Janelia-1995312307160219746-Brain-20x_nrs_jacs_jacsData_filestore_asoy_Alignment_314_786_2625389871866314786_align_REG_JRC2018_FEMALE_20x_HR_8bitc_J18U_SG	JRC_MB242A_Brain_2020__11	P{R64F07-p65.AD}	P{R57C10-GAL4.DBD}	female organism|adult brain
Janelia-1995312309999763554-Brain-20x_nrs_jacs_jacsData_filestore_asoy_Alignment_358_370_1995318035346358370_align_AlignedFlyBrain_8bitc_J18U_SG	JRC_MB057B_Brain_2020__7	P{R80G12-p65.AD}	P{R53H03-GAL4.DBD}	female organism|adult brain
Janelia-1995312314043072610-Brain-20x_nrs_jacs_jacsData_filestore_asoy_Alignment_509_986_1995318121241509986_align_AlignedFlyBrain_8bitc_J18U_SG	JRC_MB083C_Brain_2020__7	PBac{R52G04-p65.AD}	P{R94B10-GAL4.DBD}	female organism|adult brain
Janelia-1995312343512252514-Brain-20x_nrs_jacs_jacsData_filestore_asoy_Alignment_158_498_1995318451245158498_align_AlignedFlyBrain_8bitc_J18U_SG	JRC_MB607B_Brain_2020__6	P{R19B03-p65.AD}	P{R39A11-GAL4.DBD}	female organism|adult brain
Janelia-1995312345651347554-Brain-20x_nrs_jacs_jacsData_filestore_asoy_Alignment_846_882_1995316755785846882_align_AlignedFlyBrain_8bitc_J18U_SG	JRC_MB418B_Brain_2020__3	P{R26E07-p65.AD}	P{R30F02-GAL4.DBD}	female organism|adult brain
Janelia-1995312352613892194-Brain-20x_nrs_jacs_jacsData_filestore_asoy_Alignment_014_626_1995317693045014626_align_AlignedFlyBrain_8bitc_J18U_SG	JRC_MB371B_Brain_2020__4	P{R13F02-p65.AD}	P{R85D07-GAL4.DBD}	female organism|adult brain
Janelia-1995312353473724514-Brain-20x_nrs_jacs_jacsData_filestore_asoy_Alignment_271_778_1995318548947271778_align_AlignedFlyBrain_8bitc_J18U_SG	JRC_MB371B_Brain_2020__5	P{R13F02-p65.AD}	P{R85D07-GAL4.DBD}	female organism|adult brain
Janelia-1995312354434220130-Brain-20x_nrs_jacs_jacsData_filestore_asoy_Alignment_969_890_1995317002519969890_align_AlignedFlyBrain_8bitc_J18U_SG	JRC_MB057B_Brain_2020__8	P{R80G12-p65.AD}	P{R53H03-GAL4.DBD}	female organism|adult brain
Janelia-1995312366144716898-Brain-20x_nrs_jacs_jacsData_filestore_asoy_Alignment_248_034_1995319721838248034_align_AlignedFlyBrain_8bitc_J18U_SG	JRC_MB050B_Brain_2020__5	P{R65B09-p65.AD}	P{R11F03-GAL4.DBD}	female organism|adult brain
Janelia-1995312366538981474-Brain-20x_nrs_jacs_jacsData_filestore_asoy_Alignment_083_682_1995318625078083682_align_AlignedFlyBrain_8bitc_J18U_SG	JRC_MB050B_Brain_2020__6	P{R65B09-p65.AD}	P{R11F03-GAL4.DBD}	female organism|adult brain
Janelia-1995312367356870754-Brain-20x_nrs_jacs_jacsData_filestore_asoy_Alignment_531_362_2223642016443531362_align_AlignedFlyBrain_8bitc_J18U_SG	JRC_MB542B_Brain_2020__1	P{R65B09-p65.AD}	P{R51D04-GAL4.DBD}	female organism|adult brain
Janelia-1995312367885353058-Brain-20x_nrs_jacs_jacsData_filestore_asoy_Alignment_940_898_1995317791476940898_align_AlignedFlyBrain_8bitc_J18U_SG	JRC_MB542B_Brain_2020__2	P{R65B09-p65.AD}	P{R51D04-GAL4.DBD}	female organism|adult brain
Janelia-1995312368296394850-Brain-20x_nrs_jacs_jacsData_filestore_asoy_Alignment_725_666_1995317803711725666_align_AlignedFlyBrain_8bitc_J18U_SG	JRC_MB542B_Brain_2020__3	P{R65B09-p65.AD}	P{R51D04-GAL4.DBD}	female organism|adult brain
Janelia-1995312368724213858-Brain-20x_nrs_jacs_jacsData_filestore_asoy_Alignment_196_706_1995318383616196706_align_AlignedFlyBrain_8bitc_J18U_SG	JRC_MB542B_Brain_2020__4	P{R65B09-p65.AD}	P{R51D04-GAL4.DBD}	female organism|adult brain
Janelia-1995312369638572130-Brain-20x_nrs_jacs_jacsData_filestore_asoy_Alignment_093_410_1995318249822093410_align_AlignedFlyBrain_8bitc_J18U_SG	JRC_MB080C_Brain_2020__9	PBac{R33E02-p65.AD}	P{R50A05-GAL4.DBD}	female organism|adult brain
Janelia-1995312370850725986-Brain-20x_nrs_jacs_jacsData_filestore_asoy_Alignment_244_450_1995318625254244450_align_AlignedFlyBrain_8bitc_J18U_SG	JRC_MB027B_Brain_2020__11	P{R24H08-p65.AD}	P{R53F03-GAL4.DBD}	female organism|adult brain
Janelia-1995312371282739298-Brain-20x_nrs_jacs_jacsData_filestore_asoy_Alignment_977_126_2625400337845977126_align_REG_JRC2018_FEMALE_20x_HR_8bitc_J18U_SG	JRC_MB027B_Brain_2020__12	P{R24H08-p65.AD}	P{R53F03-GAL4.DBD}	female organism|adult brain
Janelia-1996273555267911778-Brain-20x_nrs_jacs_jacsData_filestore_asoy_Alignment_601_314_1996279013982601314_align_AlignedFlyBrain_8bitc_J18U_SG	JRC_MB077C_Brain_2020__1	PBac{R25D01-p65.AD}	P{R19F09-GAL4.DBD}	female organism|adult brain
Janelia-1996273593901645922-Brain-20x_nrs_jacs_jacsData_filestore_asoy_Alignment_133_282_1996280213415133282_align_AlignedFlyBrain_8bitc_J18U_SG	JRC_MB298B_Brain_2020__8	P{R53C03-p65.AD}	P{R24E12-GAL4.DBD}	female organism|adult brain
Janelia-1996273594480459874-Brain-20x_nrs_jacs_jacsData_filestore_asoy_Alignment_732_262_2625394965399732262_align_REG_JRC2018_FEMALE_40x_8bitc_J18U_SG	JRC_MB298B_Brain_2020__9	P{R53C03-p65.AD}	P{R24E12-GAL4.DBD}	female organism|adult brain
Janelia-1996273595415789666-Brain-20x_nrs_jacs_jacsData_filestore_asoy_Alignment_888_162_1996280052332888162_align_AlignedFlyBrain_8bitc_J18U_SG	JRC_MB433B_Brain_2020__3	P{R30E08-p65.AD}	P{R11C07-GAL4.DBD}	female organism|adult brain
Janelia-1996273599127748706-Brain-20x_nrs_jacs_jacsData_filestore_asoy_Alignment_683_047_2625395492816683047_align_REG_JRC2018_FEMALE_40x_8bitc_J18U_SG	JRC_MB210B_Brain_2020__5	P{R15B01-p65.AD}	P{R27G01-GAL4.DBD}	female organism|adult brain
Janelia-1996273600939688034-Brain-20x_nrs_jacs_jacsData_filestore_asoy_Alignment_462_626_1996277570525462626_align_AlignedFlyBrain_8bitc_J18U_SG	JRC_MB074C_Brain_2020__3	PBac{R21D02-p65.AD}	P{R12C11-GAL4.DBD}	female organism|adult brain
Janelia-1996273604156719202-Brain-20x_nrs_jacs_jacsData_filestore_asoy_Alignment_356_450_1996276610688356450_align_AlignedFlyBrain_8bitc_J18U_SG	JRC_MB399B_Brain_2020__5	P{R21D02-p65.AD}	P{R22C12-GAL4.DBD}	female organism|adult brain
Janelia-1996273640785576034-Brain-20x_nrs_jacs_jacsData_filestore_asoy_Alignment_159_202_1996280356986159202_align_AlignedFlyBrain_8bitc_J18U_SG	JRC_MB011B_Brain_2020__9	P{R14C08-p65.AD}	P{R15B01-GAL4.DBD}	female organism|adult brain
Janelia-1996273645839712354-Brain-20x_nrs_jacs_jacsData_filestore_asoy_Alignment_903_074_1996280282507903074_align_AlignedFlyBrain_8bitc_J18U_SG	JRC_MB018B_Brain_2020__19	P{R20G03-p65.AD}	P{R19F09-GAL4.DBD}	female organism|adult brain
Janelia-1996273646422720610-Brain-20x_nrs_jacs_jacsData_filestore_asoy_Alignment_181_538_1996278093253181538_align_AlignedFlyBrain_8bitc_J18U_SG	JRC_MB018B_Brain_2020__20	P{R20G03-p65.AD}	P{R19F09-GAL4.DBD}	female organism|adult brain
Janelia-1996273646947008610-Brain-20x_nrs_jacs_jacsData_filestore_asoy_Alignment_640_162_1996279897143640162_align_AlignedFlyBrain_8bitc_J18U_SG	JRC_MB018B_Brain_2020__21	P{R20G03-p65.AD}	P{R19F09-GAL4.DBD}	female organism|adult brain
Janelia-1996273647488073826-Brain-20x_nrs_jacs_jacsData_filestore_asoy_Alignment_396_130_1996278919732396130_align_AlignedFlyBrain_8bitc_J18U_SG	JRC_MB018B_Brain_2020__22	P{R20G03-p65.AD}	P{R19F09-GAL4.DBD}	female organism|adult brain
Janelia-1996273649878827106-Brain-20x_nrs_jacs_jacsData_filestore_asoy_Alignment_793_250_1996279541663793250_align_AlignedFlyBrain_8bitc_J18U_SG	JRC_MB542B_Brain_2020__5	P{R65B09-p65.AD}	P{R51D04-GAL4.DBD}	female organism|adult brain
Janelia-1996273650541527138-Brain-20x_nrs_jacs_jacsData_filestore_asoy_Alignment_935_842_1996279597963935842_align_AlignedFlyBrain_8bitc_J18U_SG	JRC_MB542B_Brain_2020__6	P{R65B09-p65.AD}	P{R51D04-GAL4.DBD}	female organism|adult brain
Janelia-1996273651564937314-Brain-20x_nrs_jacs_jacsData_filestore_asoy_Alignment_530_274_1996279508868530274_align_AlignedFlyBrain_8bitc_J18U_SG	JRC_MB542B_Brain_2020__7	P{R65B09-p65.AD}	P{R51D04-GAL4.DBD}	female organism|adult brain
Janelia-1996273653238464610-Brain-20x_nrs_jacs_jacsData_filestore_asoy_Alignment_510_818_1996279014196510818_align_AlignedFlyBrain_8bitc_J18U_SG	JRC_MB543B_Brain_2020__7	P{R65B09-p65.AD}	P{R81E11-GAL4.DBD}	female organism|adult brain
Janelia-1996273654253486178-Brain-20x_nrs_jacs_jacsData_filestore_asoy_Alignment_573_922_1996279508394573922_align_AlignedFlyBrain_8bitc_J18U_SG	JRC_MB549C_Brain_2020__11	PBac{R71D08-p65.AD}	P{R49C12-GAL4.DBD}	female organism|adult brain
Janelia-1996273660725297250-Brain-20x_nrs_jacs_jacsData_filestore_asoy_Alignment_227_810_1996281659850227810_align_AlignedFlyBrain_8bitc_J18U_SG	JRC_MB013B_Brain_2020__8	P{R14F05-p65.AD}	P{R14B03-GAL4.DBD}	female organism|adult brain
Janelia-1996273661811621986-Brain-20x_nrs_jacs_jacsData_filestore_asoy_Alignment_134_818_1996281254479134818_align_AlignedFlyBrain_8bitc_J18U_SG	JRC_MB013B_Brain_2020__9	P{R14F05-p65.AD}	P{R14B03-GAL4.DBD}	female organism|adult brain
Janelia-1996273669445255266-Brain-20x_nrs_jacs_jacsData_filestore_asoy_Alignment_713_506_1996337029901713506_align_AlignedFlyBrain_8bitc_J18U_SG	JRC_MB021B_Brain_2020__9	P{R24E06-p65.AD}	P{R95A10-GAL4.DBD}	female organism|adult brain
Janelia-1996273670066012258-Brain-20x_nrs_jacs_jacsData_filestore_asoy_Alignment_545_634_1996337433108545634_align_AlignedFlyBrain_8bitc_J18U_SG	JRC_MB021B_Brain_2020__10	P{R24E06-p65.AD}	P{R95A10-GAL4.DBD}	female organism|adult brain
Janelia-1996273672339325026-Brain-20x_nrs_jacs_jacsData_filestore_asoy_Alignment_137_442_1996339216430137442_align_AlignedFlyBrain_8bitc_J18U_SG	JRC_MB022B_Brain_2020__3	P{R24E06-p65.AD}	P{Tdc2-GAL4.DBD}	female organism|adult brain
Janelia-1996273675568939106-Brain-20x_nrs_jacs_jacsData_filestore_asoy_Alignment_506_210_1996340050748506210_align_AlignedFlyBrain_8bitc_J18U_SG	JRC_MB113C_Brain_2020__4	PBac{Tdc2-p65.AD}	P{R95A10-GAL4.DBD}	female organism|adult brain
Janelia-1996273676588154978-Brain-20x_nrs_jacs_jacsData_filestore_asoy_Alignment_112_290_1996341067951112290_align_AlignedFlyBrain_8bitc_J18U_SG	JRC_MB051C_Brain_2020__5	PBac{R70B10-p65.AD}	P{R19F09-GAL4.DBD}	female organism|adult brain
Janelia-1996273682418237538-Brain-20x_nrs_jacs_jacsData_filestore_asoy_Alignment_237_858_1996342960597237858_align_AlignedFlyBrain_8bitc_J18U_SG	JRC_MB005B_Brain_2020__1	P{R13F02-p65.AD}	P{R34A03-GAL4.DBD}	female organism|adult brain
Janelia-1996273682984468578-Brain-20x_nrs_jacs_jacsData_filestore_asoy_Alignment_648_482_1996342918469648482_align_AlignedFlyBrain_8bitc_J18U_SG	JRC_MB005B_Brain_2020__2	P{R13F02-p65.AD}	P{R34A03-GAL4.DBD}	female organism|adult brain
Janelia-1996273690014122082-Brain-20x_nrs_jacs_jacsData_filestore_asoy_Alignment_290_658_1996345299236290658_align_AlignedFlyBrain_8bitc_J18U_SG	JRC_MB370B_Brain_2020__1	P{R13F02-p65.AD}	P{R41C07-GAL4.DBD}	female organism|adult brain
Janelia-1996273696741785698-Brain-20x_nrs_jacs_jacsData_filestore_asoy_Alignment_084_130_1996346645159084130_align_AlignedFlyBrain_8bitc_J18U_SG	JRC_MB008B_Brain_2020__1	P{R13F02-p65.AD}	P{R44E04-GAL4.DBD}	female organism|adult brain
Janelia-1996273697194770530-Brain-20x_nrs_jacs_jacsData_filestore_asoy_Alignment_215_330_1996346478645215330_align_AlignedFlyBrain_8bitc_J18U_SG	JRC_MB008B_Brain_2020__2	P{R13F02-p65.AD}	P{R44E04-GAL4.DBD}	female organism|adult brain
Janelia-1996273742111572066-Brain-20x_nrs_jacs_jacsData_filestore_asoy_Alignment_107_682_1996350199991107682_align_AlignedFlyBrain_8bitc_J18U_SG	JRC_MB058B_Brain_2020__8	P{R82C10-p65.AD}	P{R50B03-GAL4.DBD}	female organism|adult brain
Janelia-1996273742631665762-Brain-20x_nrs_jacs_jacsData_filestore_asoy_Alignment_443_490_1996350351728443490_align_AlignedFlyBrain_8bitc_J18U_SG	JRC_MB058B_Brain_2020__9	P{R82C10-p65.AD}	P{R50B03-GAL4.DBD}	female organism|adult brain
Janelia-1996273743592161378-Brain-20x_nrs_jacs_jacsData_filestore_asoy_Alignment_266_594_1996349480156266594_align_AlignedFlyBrain_8bitc_J18U_SG	JRC_MB058B_Brain_2020__10	P{R82C10-p65.AD}	P{R50B03-GAL4.DBD}	female organism|adult brain
Janelia-1996273743999008866-Brain-20x_nrs_jacs_jacsData_filestore_asoy_Alignment_323_426_1996351168292323426_align_AlignedFlyBrain_8bitc_J18U_SG	JRC_MB296B_Brain_2020__19	P{R15B01-p65.AD}	P{R26F01-GAL4.DBD}	female organism|adult brain
Janelia-1996273744523296866-Brain-20x_nrs_jacs_jacsData_filestore_asoy_Alignment_971_810_1996353625193971810_align_AlignedFlyBrain_8bitc_J18U_SG	JRC_MB296B_Brain_2020__20	P{R15B01-p65.AD}	P{R26F01-GAL4.DBD}	female organism|adult brain
Janelia-1996273745580261474-Brain-20x_nrs_jacs_jacsData_filestore_asoy_Alignment_696_418_1996351539584696418_align_AlignedFlyBrain_8bitc_J18U_SG	JRC_MB296B_Brain_2020__21	P{R15B01-p65.AD}	P{R26F01-GAL4.DBD}	female organism|adult brain
Janelia-1996273746205212770-Brain-20x_nrs_jacs_jacsData_filestore_asoy_Alignment_608_482_1996350216558608482_align_AlignedFlyBrain_8bitc_J18U_SG	JRC_MB296B_Brain_2020__22	P{R15B01-p65.AD}	P{R26F01-GAL4.DBD}	female organism|adult brain
Janelia-1996273746591088738-Brain-20x_nrs_jacs_jacsData_filestore_asoy_Alignment_487_714_1996351765653487714_align_AlignedFlyBrain_8bitc_J18U_SG	JRC_MB304B_Brain_2020__7	P{R82C10-p65.AD}	P{R26F01-GAL4.DBD}	female organism|adult brain
Janelia-1996273747773882466-Brain-20x_nrs_jacs_jacsData_filestore_asoy_Alignment_705_762_1996361144062705762_align_AlignedFlyBrain_8bitc_J18U_SG	JRC_MB304B_Brain_2020__8	P{R82C10-p65.AD}	P{R26F01-GAL4.DBD}	female organism|adult brain
Janelia-1996273748327530594-Brain-20x_nrs_jacs_jacsData_filestore_asoy_Alignment_067_938_1996389904380067938_align_AlignedFlyBrain_8bitc_J18U_SG	JRC_MB304B_Brain_2020__9	P{R82C10-p65.AD}	P{R26F01-GAL4.DBD}	female organism|adult brain
Janelia-1996273748868595810-Brain-20x_nrs_jacs_jacsData_filestore_asoy_Alignment_360_226_1996395315229360226_align_AlignedFlyBrain_8bitc_J18U_SG	JRC_MB304B_Brain_2020__10	P{R82C10-p65.AD}	P{R26F01-GAL4.DBD}	female organism|adult brain
Janelia-1996273749871034466-Brain-20x_nrs_jacs_jacsData_filestore_asoy_Alignment_167_778_1996396756132167778_align_AlignedFlyBrain_8bitc_J18U_SG	JRC_MB308B_Brain_2020__5	P{ple-p65.AD}	P{R26F01-GAL4.DBD}	female organism|adult brain
Janelia-1996273750659563618-Brain-20x_nrs_jacs_jacsData_filestore_asoy_Alignment_086_050_1996397016569086050_align_AlignedFlyBrain_8bitc_J18U_SG	JRC_MB308B_Brain_2020__6	P{ple-p65.AD}	P{R26F01-GAL4.DBD}	female organism|adult brain
Janelia-1996273751221600354-Brain-20x_nrs_jacs_jacsData_filestore_asoy_Alignment_543_586_1996398391604543586_align_AlignedFlyBrain_8bitc_J18U_SG	JRC_MB308B_Brain_2020__7	P{ple-p65.AD}	P{R26F01-GAL4.DBD}	female organism|adult brain
Janelia-1996273754665123938-Brain-20x_nrs_jacs_jacsData_filestore_asoy_Alignment_512_162_1996401830279512162_align_AlignedFlyBrain_8bitc_J18U_SG	JRC_MB504B_Brain_2020__2	P{R52H03-p65.AD}	P{ple-GAL4.DBD}	female organism|adult brain
Janelia-1996273758670684258-Brain-20x_nrs_jacs_jacsData_filestore_asoy_Alignment_303_074_1996404630514303074_align_AlignedFlyBrain_8bitc_J18U_SG	JRC_MB060B_Brain_2020__15	P{R82C10-p65.AD}	P{R72B05-GAL4.DBD}	female organism|adult brain
Janelia-1996273759425658978-Brain-20x_nrs_jacs_jacsData_filestore_asoy_Alignment_663_330_1996404056477663330_align_AlignedFlyBrain_8bitc_J18U_SG	JRC_MB060B_Brain_2020__16	P{R82C10-p65.AD}	P{R72B05-GAL4.DBD}	female organism|adult brain
Janelia-1996273759777980514-Brain-20x_nrs_jacs_jacsData_filestore_asoy_Alignment_831_970_1996405320682831970_align_AlignedFlyBrain_8bitc_J18U_SG	JRC_MB065B_Brain_2020__7	P{ple-p65.AD}	P{R72B05-GAL4.DBD}	female organism|adult brain
Janelia-1996273761476673634-Brain-20x_nrs_jacs_jacsData_filestore_asoy_Alignment_124_066_1996406153143124066_align_AlignedFlyBrain_8bitc_J18U_SG	JRC_MB065B_Brain_2020__8	P{ple-p65.AD}	P{R72B05-GAL4.DBD}	female organism|adult brain
Janelia-1996273768040759394-Brain-20x_nrs_jacs_jacsData_filestore_asoy_Alignment_715_298_1996409929937715298_align_AlignedFlyBrain_8bitc_J18U_SG	JRC_LH2449_Brain_2020__1	P{R17A04-p65.AD}	P{R65D07-GAL4.DBD}	female organism|adult brain
Janelia-1996273768510521442-Brain-20x_nrs_jacs_jacsData_filestore_asoy_Alignment_309_538_1996410767477309538_align_AlignedFlyBrain_8bitc_J18U_SG	JRC_MB380B_Brain_2020__1	P{R17A04-p65.AD}	P{R65D07-GAL4.DBD}	female organism|adult brain
Janelia-1996778066952585314-Brain-20x_nrs_jacs_jacsData_filestore_asoy_Alignment_445_666_1996782043102445666_align_AlignedFlyBrain_8bitc_J18U_SG	JRC_MB032B_Brain_2020__3	P{R30G08-p65.AD}	P{ple-GAL4.DBD}	female organism|adult brain
Janelia-1996778067585925218-Brain-20x_nrs_jacs_jacsData_filestore_asoy_Alignment_268_066_1996782100669268066_align_AlignedFlyBrain_8bitc_J18U_SG	JRC_MB032B_Brain_2020__4	P{R30G08-p65.AD}	P{ple-GAL4.DBD}	female organism|adult brain
Janelia-1996778068487700578-Brain-20x_nrs_jacs_jacsData_filestore_asoy_Alignment_027_298_1996781623391027298_align_AlignedFlyBrain_8bitc_J18U_SG	JRC_MB042B_Brain_2020__17	P{R58E02-p65.AD}	P{R22E04-GAL4.DBD}	female organism|adult brain
Janelia-1996778069750186082-Brain-20x_nrs_jacs_jacsData_filestore_asoy_Alignment_291_106_1996781594773291106_align_AlignedFlyBrain_8bitc_J18U_SG	JRC_MB042B_Brain_2020__18	P{R58E02-p65.AD}	P{R22E04-GAL4.DBD}	female organism|adult brain
Janelia-1996778070349971554-Brain-20x_nrs_jacs_jacsData_filestore_asoy_Alignment_435_426_1996781962110435426_align_AlignedFlyBrain_8bitc_J18U_SG	JRC_MB042B_Brain_2020__19	P{R58E02-p65.AD}	P{R22E04-GAL4.DBD}	female organism|adult brain
Janelia-1996778070853288034-Brain-20x_nrs_jacs_jacsData_filestore_asoy_Alignment_724_578_1996780223944724578_align_AlignedFlyBrain_8bitc_J18U_SG	JRC_MB042B_Brain_2020__20	P{R58E02-p65.AD}	P{R22E04-GAL4.DBD}	female organism|adult brain
Janelia-1996778071344021602-Brain-20x_nrs_jacs_jacsData_filestore_asoy_Alignment_234_402_1996781822939234402_align_AlignedFlyBrain_8bitc_J18U_SG	JRC_MB047B_Brain_2020__12	P{R58E02-p65.AD}	P{R93A09-GAL4.DBD}	female organism|adult brain
Janelia-1996778072061247586-Brain-20x_nrs_jacs_jacsData_filestore_asoy_Alignment_216_162_1996782100560216162_align_AlignedFlyBrain_8bitc_J18U_SG	JRC_MB047B_Brain_2020__13	P{R58E02-p65.AD}	P{R93A09-GAL4.DBD}	female organism|adult brain
Janelia-1996778072765890658-Brain-20x_nrs_jacs_jacsData_filestore_asoy_Alignment_765_858_1996781386475765858_align_AlignedFlyBrain_8bitc_J18U_SG	JRC_MB047B_Brain_2020__14	P{R58E02-p65.AD}	P{R93A09-GAL4.DBD}	female organism|adult brain
Janelia-1996778073990627426-Brain-20x_nrs_jacs_jacsData_filestore_asoy_Alignment_988_322_1996781904119988322_align_AlignedFlyBrain_8bitc_J18U_SG	JRC_MB087C_Brain_2020__2	PBac{R61H03-p65.AD}	P{R28E09-GAL4.DBD}	female organism|adult brain
Janelia-1996778074607190114-Brain-20x_nrs_jacs_jacsData_filestore_asoy_Alignment_045_282_1996782166222045282_align_AlignedFlyBrain_8bitc_J18U_SG	JRC_MB087C_Brain_2020__3	PBac{R61H03-p65.AD}	P{R28E09-GAL4.DBD}	female organism|adult brain
Janelia-1996778076511404130-Brain-20x_nrs_jacs_jacsData_filestore_asoy_Alignment_931_362_1996782100769931362_align_AlignedFlyBrain_8bitc_J18U_SG	JRC_MB109B_Brain_2020__12	P{R76F05-p65.AD}	P{R23C12-GAL4.DBD}	female organism|adult brain
Janelia-1996778077186687074-Brain-20x_nrs_jacs_jacsData_filestore_asoy_Alignment_963_298_1996782198534963298_align_AlignedFlyBrain_8bitc_J18U_SG	JRC_MB109B_Brain_2020__13	P{R76F05-p65.AD}	P{R23C12-GAL4.DBD}	female organism|adult brain
Janelia-1996778077799055458-Brain-20x_nrs_jacs_jacsData_filestore_asoy_Alignment_158_178_1996780225098158178_align_AlignedFlyBrain_8bitc_J18U_SG	JRC_MB109B_Brain_2020__14	P{R76F05-p65.AD}	P{R23C12-GAL4.DBD}	female organism|adult brain
Janelia-1996778078210097250-Brain-20x_nrs_jacs_jacsData_filestore_asoy_Alignment_924_386_1996780226150924386_align_AlignedFlyBrain_8bitc_J18U_SG	JRC_MB109B_Brain_2020__15	P{R76F05-p65.AD}	P{R23C12-GAL4.DBD}	female organism|adult brain
Janelia-1996778078717608034-Brain-20x_nrs_jacs_jacsData_filestore_asoy_Alignment_256_354_1996782198908256354_align_AlignedFlyBrain_8bitc_J18U_SG	JRC_MB299B_Brain_2020__10	P{R58E02-p65.AD}	P{R37E10-GAL4.DBD}	female organism|adult brain
Janelia-1996778079338365026-Brain-20x_nrs_jacs_jacsData_filestore_asoy_Alignment_027_554_1996780999547027554_align_AlignedFlyBrain_8bitc_J18U_SG	JRC_MB299B_Brain_2020__11	P{R58E02-p65.AD}	P{R37E10-GAL4.DBD}	female organism|adult brain
Janelia-1996778079992676450-Brain-20x_nrs_jacs_jacsData_filestore_asoy_Alignment_645_026_1996782042955645026_align_AlignedFlyBrain_8bitc_J18U_SG	JRC_MB299B_Brain_2020__12	P{R58E02-p65.AD}	P{R37E10-GAL4.DBD}	female organism|adult brain
Janelia-1996778081515208802-Brain-20x_nrs_jacs_jacsData_filestore_asoy_Alignment_753_250_1996781505480753250_align_AlignedFlyBrain_8bitc_J18U_SG	JRC_MB316B_Brain_2020__6	P{R58E02-p65.AD}	P{R93G08-GAL4.DBD}	female organism|adult brain
Janelia-1996778082102411362-Brain-20x_nrs_jacs_jacsData_filestore_asoy_Alignment_751_394_1996780064573751394_align_AlignedFlyBrain_8bitc_J18U_SG	JRC_MB316B_Brain_2020__7	P{R58E02-p65.AD}	P{R93G08-GAL4.DBD}	female organism|adult brain
Janelia-1997032230664274018-Brain-20x_nrs_jacs_jacsData_filestore_asoy_Alignment_047_650_1997055382417047650_align_AlignedFlyBrain_8bitc_J18U_SG	JRC_MB047B_Brain_2020__15	P{R58E02-p65.AD}	P{R93A09-GAL4.DBD}	female organism|adult brain
Janelia-1997032237802979426-Brain-20x_nrs_jacs_jacsData_filestore_asoy_Alignment_224_802_1997055433537224802_align_AlignedFlyBrain_8bitc_J18U_SG	JRC_MB315C_Brain_2020__16	PBac{R58E02-p65.AD}	P{R48H11-GAL4.DBD}	female organism|adult brain
Janelia-1997032238381793378-Brain-20x_nrs_jacs_jacsData_filestore_asoy_Alignment_889_762_1997055638491889762_align_AlignedFlyBrain_8bitc_J18U_SG	JRC_MB315C_Brain_2020__17	PBac{R58E02-p65.AD}	P{R48H11-GAL4.DBD}	female organism|adult brain
Janelia-1997032238989967458-Brain-20x_nrs_jacs_jacsData_filestore_asoy_Alignment_522_722_1997091684298522722_align_AlignedFlyBrain_8bitc_J18U_SG	JRC_MB315C_Brain_2020__18	PBac{R58E02-p65.AD}	P{R48H11-GAL4.DBD}	female organism|adult brain
Janelia-1997032240797712482-Brain-20x_nrs_jacs_jacsData_filestore_asoy_Alignment_857_378_1997092021893857378_align_AlignedFlyBrain_8bitc_J18U_SG	JRC_MB301B_Brain_2020__1	P{R71D01-p65.AD}	P{R58F02-GAL4.DBD}	female organism|adult brain
Janelia-1997032241993089122-Brain-20x_nrs_jacs_jacsData_filestore_asoy_Alignment_755_111_2625413408538755111_align_REG_JRC2018_FEMALE_20x_HR_8bitc_J18U_SG	JRC_MB301B_Brain_2020__2	P{R71D01-p65.AD}	P{R58F02-GAL4.DBD}	female organism|adult brain
Janelia-1997032242592874594-Brain-20x_nrs_jacs_jacsData_filestore_asoy_Alignment_211_682_1997091927526211682_align_AlignedFlyBrain_8bitc_J18U_SG	JRC_MB196B_Brain_2020__8	P{R58E02-p65.AD}	P{R36B06-GAL4.DBD}	female organism|adult brain
Janelia-1997032243091996770-Brain-20x_nrs_jacs_jacsData_filestore_asoy_Alignment_383_202_1997091744046383202_align_AlignedFlyBrain_8bitc_J18U_SG	JRC_MB196B_Brain_2020__9	P{R58E02-p65.AD}	P{R36B06-GAL4.DBD}	female organism|adult brain
Janelia-1997032243524010082-Brain-20x_nrs_jacs_jacsData_filestore_asoy_Alignment_899_426_1997094019900899426_align_AlignedFlyBrain_8bitc_J18U_SG	JRC_MB196B_Brain_2020__10	P{R58E02-p65.AD}	P{R36B06-GAL4.DBD}	female organism|adult brain
Janelia-1997032244165738594-Brain-20x_nrs_jacs_jacsData_filestore_asoy_Alignment_423_266_1998678453196423266_align_AlignedFlyBrain_8bitc_J18U_SG	JRC_MB196B_Brain_2020__11	P{R58E02-p65.AD}	P{R36B06-GAL4.DBD}	female organism|adult brain
Janelia-1997032244740358242-Brain-20x_nrs_jacs_jacsData_filestore_asoy_Alignment_637_154_1997094368686637154_align_AlignedFlyBrain_8bitc_J18U_SG	JRC_MB188B_Brain_2020__8	P{R58E02-p65.AD}	P{R11A03-GAL4.DBD}	female organism|adult brain
Janelia-1997032245264646242-Brain-20x_nrs_jacs_jacsData_filestore_asoy_Alignment_447_010_1997094651441447010_align_AlignedFlyBrain_8bitc_J18U_SG	JRC_MB188B_Brain_2020__9	P{R58E02-p65.AD}	P{R11A03-GAL4.DBD}	female organism|adult brain
Janelia-1997032245759574114-Brain-20x_nrs_jacs_jacsData_filestore_asoy_Alignment_437_218_2625419067401437218_align_REG_JRC2018_FEMALE_20x_HR_8bitc_J18U_SG	JRC_MB188B_Brain_2020__10	P{R58E02-p65.AD}	P{R11A03-GAL4.DBD}	female organism|adult brain
Janelia-1997032246346776674-Brain-20x_nrs_jacs_jacsData_filestore_asoy_Alignment_258_212_2625422425038258212_align_REG_JRC2018_FEMALE_20x_HR_8bitc_J18U_SG	JRC_MB188B_Brain_2020__11	P{R58E02-p65.AD}	P{R11A03-GAL4.DBD}	female organism|adult brain
Janelia-1997032247013671010-Brain-20x_nrs_jacs_jacsData_filestore_asoy_Alignment_240_930_1997094749093240930_align_AlignedFlyBrain_8bitc_J18U_SG	JRC_MB194B_Brain_2020__12	P{R58E02-p65.AD}	P{R29G04-GAL4.DBD}	female organism|adult brain
Janelia-1997032247638622306-Brain-20x_nrs_jacs_jacsData_filestore_asoy_Alignment_036_642_1997095380445036642_align_AlignedFlyBrain_8bitc_J18U_SG	JRC_MB194B_Brain_2020__13	P{R58E02-p65.AD}	P{R29G04-GAL4.DBD}	female organism|adult brain
Janelia-1997032248167104610-Brain-20x_nrs_jacs_jacsData_filestore_asoy_Alignment_785_058_1997095242783785058_align_AlignedFlyBrain_8bitc_J18U_SG	JRC_MB194B_Brain_2020__14	P{R58E02-p65.AD}	P{R29G04-GAL4.DBD}	female organism|adult brain
Janelia-1997032248724947042-Brain-20x_nrs_jacs_jacsData_filestore_asoy_Alignment_749_346_1997095302749749346_align_AlignedFlyBrain_8bitc_J18U_SG	JRC_MB194B_Brain_2020__15	P{R58E02-p65.AD}	P{R29G04-GAL4.DBD}	female organism|adult brain
Janelia-1997032249303760994-Brain-20x_nrs_jacs_jacsData_filestore_asoy_Alignment_559_906_1997097146733559906_align_AlignedFlyBrain_8bitc_J18U_SG	JRC_MB043B_Brain_2020__12	P{R58E02-p65.AD}	P{R32D11-GAL4.DBD}	female organism|adult brain
Janelia-1997032249949683810-Brain-20x_nrs_jacs_jacsData_filestore_asoy_Alignment_214_178_1997098034743214178_align_AlignedFlyBrain_8bitc_J18U_SG	JRC_MB043B_Brain_2020__13	P{R58E02-p65.AD}	P{R32D11-GAL4.DBD}	female organism|adult brain
Janelia-1998564412922789986-Brain-20x_nrs_jacs_jacsData_filestore_asoy_Alignment_620_194_2625420916854620194_align_REG_JRC2018_FEMALE_20x_HR_8bitc_J18U_SG	JRC_MB113C_Brain_2020__5	PBac{Tdc2-p65.AD}	P{R95A10-GAL4.DBD}	female organism|adult brain
Janelia-1998564414315298914-Brain-20x_nrs_jacs_jacsData_filestore_asoy_Alignment_477_218_1998570833177477218_align_AlignedFlyBrain_8bitc_J18U_SG	JRC_MB008B_Brain_2020__3	P{R13F02-p65.AD}	P{R44E04-GAL4.DBD}	female organism|adult brain
Janelia-1998564417049985122-Brain-20x_nrs_jacs_jacsData_filestore_asoy_Alignment_570_850_1998572300378570850_align_AlignedFlyBrain_8bitc_J18U_SG	JRC_MB296B_Brain_2020__23	P{R15B01-p65.AD}	P{R26F01-GAL4.DBD}	female organism|adult brain
Janelia-1998564425249849442-Brain-20x_nrs_jacs_jacsData_filestore_asoy_Alignment_038_626_1998571593718038626_align_AlignedFlyBrain_8bitc_J18U_SG	JRC_MB005B_Brain_2020__3	P{R13F02-p65.AD}	P{R34A03-GAL4.DBD}	female organism|adult brain
Janelia-1998564426466197602-Brain-20x_nrs_jacs_jacsData_filestore_asoy_Alignment_642_914_1998572521380642914_align_AlignedFlyBrain_8bitc_J18U_SG	JRC_MB131B_Brain_2020__3	P{R13F02-p65.AD}	P{R89B01-GAL4.DBD}	female organism|adult brain
Janelia-1998564427275698274-Brain-20x_nrs_jacs_jacsData_filestore_asoy_Alignment_813_090_1998572467353813090_align_AlignedFlyBrain_8bitc_J18U_SG	JRC_MB371B_Brain_2020__6	P{R13F02-p65.AD}	P{R85D07-GAL4.DBD}	female organism|adult brain
Janelia-1998564428110364770-Brain-20x_nrs_jacs_jacsData_filestore_asoy_Alignment_415_010_1998570318213415010_align_AlignedFlyBrain_8bitc_J18U_SG	JRC_MB461B_Brain_2020__1	P{R35B12-p65.AD}	P{R26E07-GAL4.DBD}	female organism|adult brain
Janelia-1998564432229171298-Brain-20x_nrs_jacs_jacsData_filestore_asoy_Alignment_902_690_1998570194145902690_align_AlignedFlyBrain_8bitc_J18U_SG	JRC_MB477B_Brain_2020__4	P{R44E04-p65.AD}	P{R26E07-GAL4.DBD}	female organism|adult brain
Janelia-1998564432979951714-Brain-20x_nrs_jacs_jacsData_filestore_asoy_Alignment_550_754_1998571006020550754_align_AlignedFlyBrain_8bitc_J18U_SG	JRC_MB370B_Brain_2020__2	P{R13F02-p65.AD}	P{R41C07-GAL4.DBD}	female organism|adult brain
Janelia-1998564435035160674-Brain-20x_nrs_jacs_jacsData_filestore_asoy_Alignment_595_042_1998568135216595042_align_AlignedFlyBrain_8bitc_J18U_SG	JRC_MB110C_Brain_2020__4	PBac{R20A02-p65.AD}	P{R94B10-GAL4.DBD}	female organism|adult brain
Janelia-1998564435559448674-Brain-20x_nrs_jacs_jacsData_filestore_asoy_Alignment_212_642_1998572929935212642_align_AlignedFlyBrain_8bitc_J18U_SG	JRC_MB463B_Brain_2020__1	P{R35B12-p65.AD}	P{R34A03-GAL4.DBD}	female organism|adult brain
Janelia-1998564436217954402-Brain-20x_nrs_jacs_jacsData_filestore_asoy_Alignment_425_250_1998572299749425250_align_AlignedFlyBrain_8bitc_J18U_SG	JRC_MB299B_Brain_2020__13	P{R58E02-p65.AD}	P{R37E10-GAL4.DBD}	female organism|adult brain
Janelia-1998564437002289250-Brain-20x_nrs_jacs_jacsData_filestore_asoy_Alignment_162_786_1998571478018162786_align_AlignedFlyBrain_8bitc_J18U_SG	JRC_MB058B_Brain_2020__11	P{R82C10-p65.AD}	P{R50B03-GAL4.DBD}	female organism|adult brain
Janelia-1998564438449324130-Brain-20x_nrs_jacs_jacsData_filestore_asoy_Alignment_224_162_1998571005819224162_align_AlignedFlyBrain_8bitc_J18U_SG	JRC_MB047B_Brain_2020__16	P{R58E02-p65.AD}	P{R93A09-GAL4.DBD}	female organism|adult brain
Janelia-1998564439170744418-Brain-20x_nrs_jacs_jacsData_filestore_asoy_Alignment_550_754_1998572120132550754_align_AlignedFlyBrain_8bitc_J18U_SG	JRC_MB308B_Brain_2020__8	P{ple-p65.AD}	P{R26F01-GAL4.DBD}	female organism|adult brain
Janelia-1998564566077800546-Brain-20x_nrs_jacs_jacsData_filestore_asoy_Alignment_026_402_1998571891069026402_align_AlignedFlyBrain_8bitc_J18U_SG	JRC_MB312B_Brain_2020__10	P{R58E02-p65.AD}	P{R10G03-GAL4.DBD}	female organism|adult brain
Janelia-1998564566711140450-Brain-20x_nrs_jacs_jacsData_filestore_asoy_Alignment_604_322_1998571604199604322_align_AlignedFlyBrain_8bitc_J18U_SG	JRC_MB312B_Brain_2020__11	P{R58E02-p65.AD}	P{R10G03-GAL4.DBD}	female organism|adult brain
Janelia-1998564567457726562-Brain-20x_nrs_jacs_jacsData_filestore_asoy_Alignment_382_562_1998572451176382562_align_AlignedFlyBrain_8bitc_J18U_SG	JRC_MB312B_Brain_2020__12	P{R58E02-p65.AD}	P{R10G03-GAL4.DBD}	female organism|adult brain
Janelia-1998564568145592418-Brain-20x_nrs_jacs_jacsData_filestore_asoy_Alignment_716_642_1998572554020716642_align_AlignedFlyBrain_8bitc_J18U_SG	JRC_MB312B_Brain_2020__13	P{R58E02-p65.AD}	P{R10G03-GAL4.DBD}	female organism|adult brain
Janelia-1998564569856868450-Brain-20x_nrs_jacs_jacsData_filestore_asoy_Alignment_355_938_1998570942984355938_align_AlignedFlyBrain_8bitc_J18U_SG	JRC_MB025B_Brain_2020__13	P{R24E12-p65.AD}	P{R52H01-GAL4.DBD}	female organism|adult brain
Janelia-1998564570502791266-Brain-20x_nrs_jacs_jacsData_filestore_asoy_Alignment_041_698_1998572299590041698_align_AlignedFlyBrain_8bitc_J18U_SG	JRC_MB025B_Brain_2020__14	P{R24E12-p65.AD}	P{R52H01-GAL4.DBD}	female organism|adult brain
Janelia-1998564571085799522-Brain-20x_nrs_jacs_jacsData_filestore_asoy_Alignment_064_802_1998573013989064802_align_AlignedFlyBrain_8bitc_J18U_SG	JRC_MB025B_Brain_2020__15	P{R24E12-p65.AD}	P{R52H01-GAL4.DBD}	female organism|adult brain
Janelia-2011926232970559586-Brain-20x_nrs_jacs_jacsData_filestore_asoy_Alignment_196_514_2011933276075196514_align_AlignedFlyBrain_8bitc_J18U_SG	JRC_MB434B_Brain_2020__2	P{R30E08-p65.AD}	P{R53C10-GAL4.DBD}	female organism|adult brain
Janelia-2011926236388917346-Brain-20x_nrs_jacs_jacsData_filestore_asoy_Alignment_371_746_2011933942793371746_align_AlignedFlyBrain_8bitc_J18U_SG	JRC_MB077B_Brain_2020__13	P{R25D01-p65.AD}	P{R19F09-GAL4.DBD}	female organism|adult brain
Janelia-2011926238037278818-Brain-20x_nrs_jacs_jacsData_filestore_asoy_Alignment_004_578_2011933928042004578_align_AlignedFlyBrain_8bitc_J18U_SG	JRC_MB077B_Brain_2020__14	P{R25D01-p65.AD}	P{R19F09-GAL4.DBD}	female organism|adult brain
Janelia-2014467954472648802-Brain-20x_nrs_jacs_jacsData_filestore_asoy_Alignment_201_314_2014475058168201314_align_AlignedFlyBrain_8bitc_J18U_SG	JRC_MB465C_Brain_2020__4	PBac{R37D04-p65.AD}	P{R51B02-GAL4.DBD}	female organism|adult brain
Janelia-2014467960403394658-Brain-20x_nrs_jacs_jacsData_filestore_asoy_Alignment_065_698_2014473468615065698_align_AlignedFlyBrain_8bitc_J18U_SG	JRC_MB005B_Brain_2020__4	P{R13F02-p65.AD}	P{R34A03-GAL4.DBD}	female organism|adult brain
Janelia-2014467963259715682-Brain-20x_nrs_jacs_jacsData_filestore_asoy_Alignment_528_162_2014473753693528162_align_AlignedFlyBrain_8bitc_J18U_SG	JRC_MB380B_Brain_2020__2	P{R17A04-p65.AD}	P{R65D07-GAL4.DBD}	female organism|adult brain
Janelia-2017110124258131975-Brain-20x_nrs_jacs_jacsData_filestore_asoy_Alignment_276_551_2017115307239276551_align_AlignedFlyBrain_8bitc_J18U_SG	JRC_MB152B_Brain_2020__1	P{R19B03-p65.AD}	P{R26E07-GAL4.DBD}	female organism|adult brain
Janelia-2021419133370892386-Brain-20x_nrs_jacs_jacsData_filestore_asoy_Alignment_714_594_2021431979588714594_align_AlignedFlyBrain_8bitc_J18U_SG	JRC_MB308B_Brain_2020__9	P{ple-p65.AD}	P{R26F01-GAL4.DBD}	female organism|adult brain
Janelia-2021419140387962978-Brain-20x_nrs_jacs_jacsData_filestore_asoy_Alignment_834_658_2021431752848834658_align_AlignedFlyBrain_8bitc_J18U_SG	JRC_MB304B_Brain_2020__11	P{R82C10-p65.AD}	P{R26F01-GAL4.DBD}	female organism|adult brain
Janelia-2021419141587533922-Brain-20x_nrs_jacs_jacsData_filestore_asoy_Alignment_222_946_2021432658294222946_align_AlignedFlyBrain_8bitc_J18U_SG	JRC_MB438B_Brain_2020__3	P{R30E11-p65.AD}	P{R22B12-GAL4.DBD}	female organism|adult brain
Janelia-2021419146889134178-Brain-20x_nrs_jacs_jacsData_filestore_asoy_Alignment_421_218_2021432209260421218_align_AlignedFlyBrain_8bitc_J18U_SG	JRC_MB299B_Brain_2020__14	P{R58E02-p65.AD}	P{R37E10-GAL4.DBD}	female organism|adult brain
Janelia-2021419147577000034-Brain-20x_nrs_jacs_jacsData_filestore_asoy_Alignment_409_378_2021431792925409378_align_AlignedFlyBrain_8bitc_J18U_SG	JRC_MB194B_Brain_2020__16	P{R58E02-p65.AD}	P{R29G04-GAL4.DBD}	female organism|adult brain
Janelia-2021419148839485538-Brain-20x_nrs_jacs_jacsData_filestore_asoy_Alignment_020_130_2021431845199020130_align_AlignedFlyBrain_8bitc_J18U_SG	JRC_MB047B_Brain_2020__17	P{R58E02-p65.AD}	P{R93A09-GAL4.DBD}	female organism|adult brain
Janelia-2021419150676590690-Brain-20x_nrs_jacs_jacsData_filestore_asoy_Alignment_016_994_2021432343864016994_align_AlignedFlyBrain_8bitc_J18U_SG	JRC_MB196B_Brain_2020__12	P{R58E02-p65.AD}	P{R36B06-GAL4.DBD}	female organism|adult brain
Janelia-2021419155328073826-Brain-20x_nrs_jacs_jacsData_filestore_asoy_Alignment_872_418_2021432529394872418_align_AlignedFlyBrain_8bitc_J18U_SG	JRC_MB025B_Brain_2020__16	P{R24E12-p65.AD}	P{R52H01-GAL4.DBD}	female organism|adult brain
Janelia-2021419159337828450-Brain-20x_nrs_jacs_jacsData_filestore_asoy_Alignment_732_386_2021485681246732386_align_AlignedFlyBrain_8bitc_J18U_SG	JRC_MB213B_Brain_2020__9	P{R76F05-p65.AD}	P{R32G08-GAL4.DBD}	female organism|adult brain
Janelia-2021419160101191778-Brain-20x_nrs_jacs_jacsData_filestore_asoy_Alignment_686_242_2021485603815686242_align_AlignedFlyBrain_8bitc_J18U_SG	JRC_MB032B_Brain_2020__5	P{R30G08-p65.AD}	P{ple-GAL4.DBD}	female organism|adult brain
Janelia-2021419160768086114-Brain-20x_nrs_jacs_jacsData_filestore_asoy_Alignment_266_914_2021485754047266914_align_AlignedFlyBrain_8bitc_J18U_SG	JRC_MB188B_Brain_2020__12	P{R58E02-p65.AD}	P{R11A03-GAL4.DBD}	female organism|adult brain
Janelia-2021419162982678626-Brain-20x_nrs_jacs_jacsData_filestore_asoy_Alignment_278_562_2021485680697278562_align_AlignedFlyBrain_8bitc_J18U_SG	JRC_MB312C_Brain_2020__8	PBac{R58E02-p65.AD}	P{R10G03-GAL4.DBD}	female organism|adult brain
Janelia-2021419163645378658-Brain-20x_nrs_jacs_jacsData_filestore_asoy_Alignment_842_786_2021485542729842786_align_AlignedFlyBrain_8bitc_J18U_SG	JRC_MB313C_Brain_2020__1	PBac{R58E02-p65.AD}	P{R17C11-GAL4.DBD}	female organism|adult brain
Janelia-2021419164354216034-Brain-20x_nrs_jacs_jacsData_filestore_asoy_Alignment_919_138_2021485603496919138_align_AlignedFlyBrain_8bitc_J18U_SG	JRC_MB042B_Brain_2020__21	P{R58E02-p65.AD}	P{R22E04-GAL4.DBD}	female organism|adult brain
Janelia-2022090249504555106-Brain-20x_nrs_jacs_jacsData_filestore_asoy_Alignment_417_954_2022094762311417954_align_AlignedFlyBrain_8bitc_J18U_SG	JRC_MB316B_Brain_2020__8	P{R58E02-p65.AD}	P{R93G08-GAL4.DBD}	female organism|adult brain
Janelia-2065294056644149346-Brain-20x_nrs_jacs_jacsData_filestore_asoy_Alignment_806_498_2065491939976806498_align_AlignedFlyBrain_8bitc_J18U_SG	JRC_MB011B_Brain_2020__10	P{R14C08-p65.AD}	P{R15B01-GAL4.DBD}	female organism|adult brain
Janelia-2184379395869769826-Brain-63x_nrs_jacs_jacsData_filestore_rubing_Alignment_969_698_2184629609666969698_align_Brains_63x_Aligned63xScale_8bitc_J18U_SG	JRC_LH2449_Brain_2020__2	P{R17A04-p65.AD}	P{R65D07-GAL4.DBD}	female organism|adult brain
Janelia-2200883870054744138-Brain-63x_nrs_jacs_jacsData_filestore_rubing_Alignment_066_698_2200935114551066698_align_Brains_63x_Aligned63xScale_8bitc_J18U_SG	JRC_LH2449_Brain_2020__3	P{R17A04-p65.AD}	P{R65D07-GAL4.DBD}	female organism|adult brain
Janelia-2302947005996990538-Brain-20x_nrs_jacs_jacsData_filestore_asoy_Alignment_244_513_2521780817844244513_align_AlignedFlyBrain_8bitc_J18U_SG	JRC_MB043C_Brain_2020__7	PBac{R58E02-p65.AD}	P{R32D11-GAL4.DBD}	female organism|adult brain
Janelia-2302947006085070922-Brain-20x_nrs_jacs_jacsData_filestore_asoy_Alignment_913_313_2521780820146913313_align_AlignedFlyBrain_8bitc_J18U_SG	JRC_MB063B_Brain_2020__3	P{R93D10-p65.AD}	P{R68C09-GAL4.DBD}	female organism|adult brain
Janelia-2302947006168957002-Brain-20x_nrs_jacs_jacsData_filestore_asoy_Alignment_772_386_2521780665909772386_align_AlignedFlyBrain_8bitc_J18U_SG	JRC_MB065B_Brain_2020__9	P{ple-p65.AD}	P{R72B05-GAL4.DBD}	female organism|adult brain
Janelia-2302947006684856394-Brain-20x_nrs_jacs_jacsData_filestore_asoy_Alignment_668_578_2521781255515668578_align_AlignedFlyBrain_8bitc_J18U_SG	JRC_MB315C_Brain_2020__19	PBac{R58E02-p65.AD}	P{R48H11-GAL4.DBD}	female organism|adult brain
